Vertices,Gen set,Diameter,Average distance,BW,Connections
1015,1 38 359,10,6.8146,796,3045
1015,1 143 187,10,6.8146,662,3045
1015,1 311 362,10,6.8146,1348,3045
1015,1 20 308,10,6.81657,658,3045
1015,1 36 460,10,6.81854,994,3045
1015,1 100 141,10,6.81854,484,3045
1015,1 116 245,10,6.82446,724,3045
1015,1 284 470,10,6.82446,1510,3045
1015,1 320 411,10,6.82446,1464,3045
1015,1 18 274,10,6.8284,586,3045
1015,1 37 137,10,6.8284,350,3045
1015,1 59 163,10,6.8284,446,3045
1015,1 86 192,10,6.8284,558,3045
1015,1 128 282,10,6.8284,822,3045
1015,1 154 348,10,6.8284,1006,3045
1015,1 70 90,10,6.83235,322,3045
1015,1 20 236,10,6.83432,514,3045
1015,1 49 317,10,6.83432,734,3045
1015,1 77 333,10,6.83432,822,3045
1015,1 33 248,10,6.83629,564,3045
1015,1 54 123,10,6.83629,356,3045
1015,1 94 397,10,6.83629,984,3045
1015,1 140 400,10,6.83629,1082,3045
1015,1 235 413,10,6.83629,1298,3045
1015,1 29 212,10,6.83826,484,3045
1015,1 62 100,10,6.83826,326,3045
1015,1 65 116,10,6.83826,364,3045
1015,1 128 409,10,6.83826,1076,3045
1015,1 138 452,10,6.83826,1182,3045
1015,1 158 493,10,6.83826,1304,3045
1015,1 228 474,10,6.83826,1406,3045
1015,1 30 453,10,6.84024,968,3045
1015,1 34 320,10,6.84024,710,3045
1015,1 35 466,10,6.84024,1004,3045
1015,1 49 365,10,6.84024,830,3045
1015,1 77 258,10,6.84024,672,3045
1015,1 110 209,10,6.84024,640,3045
1015,1 157 485,10,6.84024,1286,3045
1015,1 159 490,10,6.84024,1300,3045
1015,1 161 358,10,6.84024,1040,3045
1015,1 165 278,10,6.84024,888,3045
1015,1 195 298,10,6.84024,988,3045
1015,1 38 278,10,6.84221,634,3045
1015,1 44 472,10,6.84221,1034,3045
1015,1 85 455,10,6.84221,1082,3045
1015,1 103 346,10,6.84221,900,3045
1015,1 124 157,10,6.84221,564,3045
1015,1 187 221,10,6.84221,818,3045
1015,1 195 248,10,6.84221,888,3045
1015,1 243 473,10,6.84221,1434,3045
1015,1 275 397,10,6.84221,1346,3045
1015,1 60 77,10,6.84418,276,3045
1015,1 100 468,10,6.84418,1138,3045
1015,1 167 460,10,6.84418,1256,3045
1015,1 24 233,10,6.84615,516,3045
1015,1 52 296,10,6.84615,698,3045
1015,1 140 501,10,6.84615,1284,3045
1015,1 156 490,10,6.84615,1294,3045
1015,1 234 412,10,6.84615,1294,3045
1015,1 242 372,10,6.84615,1230,3045
1015,1 318 488,10,6.84615,1614,3045
1015,1 334 432,10,6.84615,1534,3045
1015,1 20 420,10,6.84813,882,3045
1015,1 174 415,10,6.84813,1180,3045
1015,1 267 415,10,6.84813,1366,3045
1015,1 22 305,10,6.8501,656,3045
1015,1 25 452,10,6.8501,956,3045
1015,1 32 138,10,6.8501,342,3045
1015,1 60 323,10,6.8501,768,3045
1015,1 128 155,10,6.8501,568,3045
1015,1 185 390,10,6.8501,1152,3045
1015,1 186 222,10,6.8501,818,3045
1015,1 191 228,10,6.8501,840,3045
1015,1 46 149,10,6.85207,392,3045
1015,1 61 109,10,6.85207,342,3045
1015,1 107 493,10,6.85207,1202,3045
1015,1 115 266,10,6.85207,764,3045
1015,1 261 332,10,6.85207,1188,3045
1015,1 331 416,10,6.85207,1496,3045
1015,1 17 394,10,6.85404,824,3045
1015,1 125 182,10,6.85404,616,3045
1015,1 262 418,10,6.85404,1362,3045
1015,1 33 464,10,6.85602,996,3045
1015,1 123 232,10,6.85602,712,3045
1015,1 142 343,10,6.85602,972,3045
1015,1 193 224,10,6.85602,836,3045
1015,1 315 365,10,6.85602,1362,3045
1015,1 27 362,10,6.85799,780,3045
1015,1 40 384,10,6.85799,850,3045
1015,1 41 152,10,6.85799,388,3045
1015,1 41 479,10,6.85799,1042,3045
1015,1 51 188,10,6.85799,480,3045
1015,1 53 230,10,6.85799,568,3045
1015,1 56 472,10,6.85799,1058,3045
1015,1 89 411,10,6.85799,1002,3045
1015,1 92 312,10,6.85799,810,3045
1015,1 99 177,10,6.85799,554,3045
1015,1 99 284,10,6.85799,768,3045
1015,1 119 309,10,6.85799,858,3045
1015,1 129 342,10,6.85799,944,3045
1015,1 140 191,10,6.85799,664,3045
1015,1 143 199,10,6.85799,686,3045
1015,1 154 496,10,6.85799,1302,3045
1015,1 186 350,10,6.85799,1074,3045
1015,1 207 367,10,6.85799,1150,3045
1015,1 215 383,10,6.85799,1198,3045
1015,1 243 413,10,6.85799,1314,3045
1015,1 257 299,10,6.85799,1114,3045
1015,1 275 489,10,6.85799,1530,3045
1015,1 72 197,10,6.85996,540,3045
1015,1 185 349,10,6.85996,1070,3045
1015,1 186 437,10,6.85996,1248,3045
1015,1 191 237,10,6.85996,858,3045
1015,1 349 395,10,6.85996,1490,3045
1015,1 18 219,10,6.86193,476,3045
1015,1 24 453,10,6.86193,956,3045
1015,1 30 312,10,6.86193,686,3045
1015,1 41 136,10,6.86193,356,3045
1015,1 46 478,10,6.86193,1050,3045
1015,1 47 298,10,6.86193,692,3045
1015,1 99 269,10,6.86193,738,3045
1015,1 108 296,10,6.86193,810,3045
1015,1 119 368,10,6.86193,976,3045
1015,1 122 331,10,6.86193,908,3045
1015,1 157 282,10,6.86193,880,3045
1015,1 172 208,10,6.86193,762,3045
1015,1 241 278,10,6.86193,1040,3045
1015,1 257 410,10,6.86193,1336,3045
1015,1 261 368,10,6.86193,1260,3045
1015,1 306 366,10,6.86193,1346,3045
1015,1 30 457,10,6.86391,976,3045
1015,1 54 288,10,6.86391,686,3045
1015,1 94 333,10,6.86391,856,3045
1015,1 120 402,10,6.86391,1046,3045
1015,1 234 490,10,6.86391,1450,3045
1015,1 245 334,10,6.86391,1160,3045
1015,1 317 363,10,6.86391,1362,3045
1015,1 327 483,10,6.86391,1622,3045
1015,1 371 388,10,6.86391,1520,3045
1015,1 19 367,10,6.86588,774,3045
1015,1 23 234,10,6.86588,516,3045
1015,1 36 465,10,6.86588,1004,3045
1015,1 43 142,10,6.86588,372,3045
1015,1 52 142,10,6.86588,390,3045
1015,1 64 332,10,6.86588,794,3045
1015,1 107 257,10,6.86588,730,3045
1015,1 111 312,10,6.86588,848,3045
1015,1 114 193,10,6.86588,616,3045
1015,1 118 499,10,6.86588,1236,3045
1015,1 141 410,10,6.86588,1104,3045
1015,1 177 318,10,6.86588,992,3045
1015,1 179 193,10,6.86588,746,3045
1015,1 196 447,10,6.86588,1288,3045
1015,1 233 374,10,6.86588,1216,3045
1015,1 276 488,10,6.86588,1530,3045
1015,1 302 322,10,6.86588,1250,3045
1015,1 334 438,10,6.86588,1546,3045
1015,1 353 387,10,6.86588,1482,3045
1015,1 357 430,10,6.86588,1576,3045
1015,1 46 105,10,6.86785,304,3045
1015,1 95 398,10,6.86785,988,3045
1015,1 115 482,10,6.86785,1196,3045
1015,1 183 348,10,6.86785,1064,3045
1015,1 245 331,10,6.86785,1154,3045
1015,1 308 320,10,6.86785,1258,3045
1015,1 23 191,10,6.86982,430,3045
1015,1 155 249,10,6.86982,810,3045
1015,1 186 218,10,6.86982,810,3045
1015,1 261 455,10,6.86982,1434,3045
1015,1 353 433,10,6.86982,1574,3045
1015,1 24 441,10,6.87179,932,3045
1015,1 34 357,10,6.87179,784,3045
1015,1 34 463,10,6.87179,996,3045
1015,1 57 92,10,6.87179,300,3045
1015,1 67 324,10,6.87179,784,3045
1015,1 116 265,10,6.87179,764,3045
1015,1 124 362,10,6.87179,974,3045
1015,1 143 477,10,6.87179,1242,3045
1015,1 161 457,10,6.87179,1238,3045
1015,1 183 221,10,6.87179,810,3045
1015,1 209 342,10,6.87179,1104,3045
1015,1 209 497,10,6.87179,1414,3045
1015,1 238 402,10,6.87179,1282,3045
1015,1 283 303,10,6.87179,1174,3045
1015,1 296 399,10,6.87179,1392,3045
1015,1 354 373,10,6.87179,1456,3045
1015,1 14 182,10,6.87377,394,3045
1015,1 77 91,10,6.87377,338,3045
1015,1 270 453,10,6.87377,1448,3045
1015,1 275 298,10,6.87377,1148,3045
1015,1 324 440,10,6.87377,1530,3045
1015,1 354 465,10,6.87377,1640,3045
1015,1 22 192,10,6.87574,430,3045
1015,1 37 201,10,6.87574,478,3045
1015,1 100 324,10,6.87574,850,3045
1015,1 101 323,10,6.87574,850,3045
1015,1 125 354,10,6.87574,960,3045
1015,1 154 324,10,6.87574,958,3045
1015,1 156 200,10,6.87574,714,3045
1015,1 285 501,10,6.87574,1574,3045
1015,1 294 354,10,6.87574,1298,3045
1015,1 22 235,10,6.87771,516,3045
1015,1 30 365,10,6.87771,792,3045
1015,1 37 464,10,6.87771,1004,3045
1015,1 44 100,10,6.87771,290,3045
1015,1 90 346,10,6.87771,874,3045
1015,1 174 390,10,6.87771,1130,3045
1015,1 175 431,10,6.87771,1214,3045
1015,1 192 232,10,6.87771,850,3045
1015,1 210 471,10,6.87771,1364,3045
1015,1 211 311,10,6.87771,1046,3045
1015,1 220 323,10,6.87771,1088,3045
1015,1 279 494,10,6.87771,1548,3045
1015,1 359 376,10,6.87771,1472,3045
1015,1 14 424,10,6.87968,878,3045
1015,1 22 417,10,6.87968,880,3045
1015,1 42 458,10,6.87968,1002,3045
1015,1 79 91,10,6.87968,342,3045
1015,1 82 399,10,6.87968,964,3045
1015,1 120 440,10,6.87968,1122,3045
1015,1 126 150,10,6.87968,554,3045
1015,1 136 498,10,6.87968,1270,3045
1015,1 138 306,10,6.87968,890,3045
1015,1 228 267,10,6.87968,992,3045
1015,1 304 323,10,6.87968,1256,3045
1015,1 15 278,10,6.88166,588,3045
1015,1 59 490,10,6.88166,1100,3045
1015,1 79 247,10,6.88166,654,3045
1015,1 86 490,10,6.88166,1154,3045
1015,1 104 147,10,6.88166,504,3045
1015,1 125 345,10,6.88166,942,3045
1015,1 154 179,10,6.88166,668,3045
1015,1 154 449,10,6.88166,1208,3045
1015,1 155 497,10,6.88166,1306,3045
1015,1 157 325,10,6.88166,966,3045
1015,1 172 196,10,6.88166,738,3045
1015,1 183 424,10,6.88166,1216,3045
1015,1 244 343,10,6.88166,1176,3045
1015,1 263 477,10,6.88166,1482,3045
1015,1 294 499,10,6.88166,1588,3045
1015,1 301 321,10,6.88166,1246,3045
1015,1 308 478,10,6.88166,1574,3045
1015,1 13 155,10,6.88363,338,3045
1015,1 15 183,10,6.88363,398,3045
1015,1 18 233,10,6.88363,504,3045
1015,1 19 373,10,6.88363,786,3045
1015,1 21 421,10,6.88363,886,3045
1015,1 37 160,10,6.88363,396,3045
1015,1 50 477,10,6.88363,1056,3045
1015,1 56 186,10,6.88363,486,3045
1015,1 78 90,10,6.88363,338,3045
1015,1 176 364,10,6.88363,1082,3045
1015,1 191 469,10,6.88363,1322,3045
1015,1 192 270,10,6.88363,926,3045
1015,1 217 495,10,6.88363,1426,3045
1015,1 269 282,10,6.88363,1104,3045
1015,1 283 302,10,6.88363,1172,3045
1015,1 318 366,10,6.88363,1370,3045
1015,1 374 447,10,6.88363,1644,3045
1015,1 12 156,10,6.8856,338,3045
1015,1 13 157,10,6.8856,342,3045
1015,1 13 181,10,6.8856,390,3045
1015,1 13 423,10,6.8856,874,3045
1015,1 14 154,10,6.8856,338,3045
1015,1 14 156,10,6.8856,342,3045
1015,1 21 306,10,6.8856,656,3045
1015,1 24 210,10,6.8856,470,3045
1015,1 45 479,10,6.8856,1050,3045
1015,1 49 111,10,6.8856,322,3045
1015,1 55 89,10,6.8856,290,3045
1015,1 64 91,10,6.8856,312,3045
1015,1 66 78,10,6.8856,290,3045
1015,1 78 92,10,6.8856,342,3045
1015,1 78 501,10,6.8856,1160,3045
1015,1 91 501,10,6.8856,1186,3045
1015,1 136 189,10,6.8856,652,3045
1015,1 136 422,10,6.8856,1118,3045
1015,1 178 191,10,6.8856,740,3045
1015,1 186 387,10,6.8856,1148,3045
1015,1 227 306,10,6.8856,1068,3045
1015,1 245 296,10,6.8856,1084,3045
1015,1 268 438,10,6.8856,1414,3045
1015,1 278 446,10,6.8856,1450,3045
1015,1 286 342,10,6.8856,1258,3045
1015,1 313 368,10,6.8856,1364,3045
1015,1 18 238,10,6.88757,514,3045
1015,1 35 221,10,6.88757,514,3045
1015,1 42 114,10,6.88757,314,3045
1015,1 42 261,10,6.88757,608,3045
1015,1 48 477,10,6.88757,1052,3045
1015,1 55 234,10,6.88757,580,3045
1015,1 100 161,10,6.88757,524,3045
1015,1 100 334,10,6.88757,870,3045
1015,1 124 280,10,6.88757,810,3045
1015,1 126 282,10,6.88757,818,3045
1015,1 148 454,10,6.88757,1206,3045
1015,1 183 351,10,6.88757,1070,3045
1015,1 276 427,10,6.88757,1408,3045
1015,1 11 387,10,6.88955,798,3045
1015,1 15 282,10,6.88955,596,3045
1015,1 18 270,10,6.88955,578,3045
1015,1 77 500,10,6.88955,1156,3045
1015,1 83 474,10,6.88955,1116,3045
1015,1 128 428,10,6.88955,1114,3045
1015,1 165 210,10,6.88955,752,3045
1015,1 198 357,10,6.88955,1112,3045
1015,1 210 431,10,6.88955,1284,3045
1015,1 257 438,10,6.88955,1392,3045
1015,1 294 413,10,6.88955,1416,3045
1015,1 294 487,10,6.88955,1564,3045
1015,1 312 369,10,6.88955,1364,3045
1015,1 12 424,10,6.89152,874,3045
1015,1 16 427,10,6.89152,888,3045
1015,1 28 460,10,6.89152,978,3045
1015,1 33 111,10,6.89152,290,3045
1015,1 46 155,10,6.89152,404,3045
1015,1 64 82,10,6.89152,294,3045
1015,1 67 79,10,6.89152,294,3045
1015,1 123 458,10,6.89152,1164,3045
1015,1 129 232,10,6.89152,724,3045
1015,1 155 210,10,6.89152,732,3045
1015,1 217 444,10,6.89152,1324,3045
1015,1 234 330,10,6.89152,1130,3045
1015,1 299 348,10,6.89152,1296,3045
1015,1 303 423,10,6.89152,1454,3045
1015,1 331 460,10,6.89152,1584,3045
1015,1 334 415,10,6.89152,1500,3045
1015,1 30 315,10,6.89349,692,3045
1015,1 45 342,10,6.89349,776,3045
1015,1 80 92,10,6.89349,346,3045
1015,1 234 345,10,6.89349,1160,3045
1015,1 334 480,10,6.89349,1630,3045
1015,1 22 267,10,6.89546,580,3045
1015,1 34 323,10,6.89546,716,3045
1015,1 110 475,10,6.89546,1172,3045
1015,1 135 155,10,6.89546,582,3045
1015,1 156 186,10,6.89546,686,3045
1015,1 191 361,10,6.89546,1106,3045
1015,1 194 501,10,6.89546,1392,3045
1015,1 197 448,10,6.89546,1292,3045
1015,1 209 498,10,6.89546,1416,3045
1015,1 237 399,10,6.89546,1274,3045
1015,1 280 300,10,6.89546,1162,3045
1015,1 12 158,10,6.89744,342,3045
1015,1 29 125,10,6.89744,310,3045
1015,1 140 264,10,6.89744,810,3045
1015,1 156 423,10,6.89744,1160,3045
1015,1 212 501,10,6.89744,1428,3045
1015,1 247 287,10,6.89744,1070,3045
1015,1 263 371,10,6.89744,1270,3045
1015,1 69 166,10,6.89941,472,3045
1015,1 92 260,10,6.89941,706,3045
1015,1 147 460,10,6.89941,1216,3045
1015,1 214 459,10,6.89941,1348,3045
1015,1 239 376,10,6.89941,1232,3045
1015,1 250 298,10,6.89941,1098,3045
1015,1 326 494,10,6.89941,1642,3045
1015,1 342 400,10,6.89941,1486,3045
1015,1 344 439,10,6.89941,1568,3045
1015,1 13 183,10,6.90138,394,3045
1015,1 17 301,10,6.90138,638,3045
1015,1 31 134,10,6.90138,332,3045
1015,1 42 418,10,6.90138,922,3045
1015,1 49 476,10,6.90138,1052,3045
1015,1 58 132,10,6.90138,382,3045
1015,1 64 78,10,6.90138,286,3045
1015,1 66 284,10,6.90138,702,3045
1015,1 92 500,10,6.90138,1186,3045
1015,1 111 477,10,6.90138,1178,3045
1015,1 129 356,10,6.90138,972,3045
1015,1 131 299,10,6.90138,862,3045
1015,1 210 439,10,6.90138,1300,3045
1015,1 211 446,10,6.90138,1316,3045
1015,1 223 261,10,6.90138,970,3045
1015,1 251 300,10,6.90138,1104,3045
1015,1 260 461,10,6.90138,1444,3045
1015,1 279 411,10,6.90138,1382,3045
1015,1 326 455,10,6.90138,1564,3045
1015,1 342 480,10,6.90138,1646,3045
1015,1 15 155,10,6.90335,342,3045
1015,1 37 459,10,6.90335,994,3045
1015,1 42 110,10,6.90335,306,3045
1015,1 79 502,10,6.90335,1164,3045
1015,1 133 448,10,6.90335,1164,3045
1015,1 150 481,10,6.90335,1264,3045
1015,1 155 329,10,6.90335,970,3045
1015,1 177 192,10,6.90335,740,3045
1015,1 179 453,10,6.90335,1266,3045
1015,1 205 249,10,6.90335,910,3045
1015,1 277 447,10,6.90335,1450,3045
1015,1 298 453,10,6.90335,1504,3045
1015,1 298 499,10,6.90335,1596,3045
1015,1 302 424,10,6.90335,1454,3045
1015,1 367 429,10,6.90335,1594,3045
1015,1 57 485,10,6.90533,1086,3045
1015,1 85 306,10,6.90533,784,3045
1015,1 136 395,10,6.90533,1064,3045
1015,1 180 320,10,6.90533,1002,3045
1015,1 240 463,10,6.90533,1408,3045
1015,1 23 312,10,6.9073,672,3045
1015,1 26 318,10,6.9073,690,3045
1015,1 32 233,10,6.9073,532,3045
1015,1 37 125,10,6.9073,326,3045
1015,1 37 205,10,6.9073,486,3045
1015,1 39 222,10,6.9073,524,3045
1015,1 66 104,10,6.9073,342,3045
1015,1 82 271,10,6.9073,708,3045
1015,1 121 139,10,6.9073,522,3045
1015,1 136 244,10,6.9073,762,3045
1015,1 151 326,10,6.9073,956,3045
1015,1 178 215,10,6.9073,788,3045
1015,1 179 257,10,6.9073,874,3045
1015,1 189 422,10,6.9073,1224,3045
1015,1 190 427,10,6.9073,1236,3045
1015,1 190 470,10,6.9073,1322,3045
1015,1 192 225,10,6.9073,836,3045
1015,1 192 360,10,6.9073,1106,3045
1015,1 194 297,10,6.9073,984,3045
1015,1 206 363,10,6.9073,1140,3045
1015,1 235 268,10,6.9073,1008,3045
1015,1 283 352,10,6.9073,1272,3045
1015,1 288 458,10,6.9073,1494,3045
1015,1 306 446,10,6.9073,1506,3045
1015,1 314 439,10,6.9073,1508,3045
1015,1 353 499,10,6.9073,1706,3045
1015,1 361 373,10,6.9073,1470,3045
1015,1 368 483,10,6.9073,1704,3045
1015,1 11 220,10,6.90927,464,3045
1015,1 19 270,10,6.90927,580,3045
1015,1 20 309,10,6.90927,660,3045
1015,1 20 369,10,6.90927,780,3045
1015,1 45 246,10,6.90927,584,3045
1015,1 56 200,10,6.90927,514,3045
1015,1 59 502,10,6.90927,1124,3045
1015,1 67 259,10,6.90927,654,3045
1015,1 82 97,10,6.90927,360,3045
1015,1 86 473,10,6.90927,1120,3045
1015,1 103 277,10,6.90927,762,3045
1015,1 124 287,10,6.90927,824,3045
1015,1 221 497,10,6.90927,1438,3045
1015,1 230 496,10,6.90927,1454,3045
1015,1 234 458,10,6.90927,1386,3045
1015,1 235 491,10,6.90927,1454,3045
1015,1 259 460,10,6.90927,1440,3045
1015,1 293 334,10,6.90927,1256,3045
1015,1 303 322,10,6.90927,1252,3045
1015,1 374 495,10,6.90927,1740,3045
1015,1 16 309,10,6.91124,652,3045
1015,1 26 449,10,6.91124,952,3045
1015,1 36 260,10,6.91124,594,3045
1015,1 39 256,10,6.91124,592,3045
1015,1 44 190,10,6.91124,470,3045
1015,1 62 267,10,6.91124,660,3045
1015,1 81 299,10,6.91124,762,3045
1015,1 120 141,10,6.91124,524,3045
1015,1 129 299,10,6.91124,858,3045
1015,1 129 401,10,6.91124,1062,3045
1015,1 165 483,10,6.91124,1298,3045
1015,1 171 444,10,6.91124,1232,3045
1015,1 184 496,10,6.91124,1362,3045
1015,1 226 321,10,6.91124,1096,3045
1015,1 235 346,10,6.91124,1164,3045
1015,1 274 442,10,6.91124,1434,3045
1015,1 11 425,10,6.91321,874,3045
1015,1 19 456,10,6.91321,952,3045
1015,1 21 416,10,6.91321,876,3045
1015,1 24 374,10,6.91321,798,3045
1015,1 61 266,10,6.91321,656,3045
1015,1 69 296,10,6.91321,732,3045
1015,1 107 460,10,6.91321,1136,3045
1015,1 114 387,10,6.91321,1004,3045
1015,1 120 152,10,6.91321,546,3045
1015,1 197 438,10,6.91321,1272,3045
1015,1 207 480,10,6.91321,1376,3045
1015,1 224 357,10,6.91321,1164,3045
1015,1 237 276,10,6.91321,1028,3045
1015,1 270 454,10,6.91321,1450,3045
1015,1 332 470,10,6.91321,1606,3045
1015,1 343 399,10,6.91321,1486,3045
1015,1 351 375,10,6.91321,1454,3045
1015,1 369 500,10,6.91321,1740,3045
1015,1 11 157,10,6.91519,338,3045
1015,1 13 278,10,6.91519,584,3045
1015,1 40 110,10,6.91519,302,3045
1015,1 78 369,10,6.91519,896,3045
1015,1 125 176,10,6.91519,604,3045
1015,1 155 421,10,6.91519,1154,3045
1015,1 11 280,10,6.91716,584,3045
1015,1 12 180,10,6.91716,386,3045
1015,1 13 232,10,6.91716,492,3045
1015,1 15 423,10,6.91716,878,3045
1015,1 19 303,10,6.91716,646,3045
1015,1 23 457,10,6.91716,962,3045
1015,1 64 353,10,6.91716,836,3045
1015,1 67 258,10,6.91716,652,3045
1015,1 73 343,10,6.91716,834,3045
1015,1 76 90,10,6.91716,334,3045
1015,1 78 174,10,6.91716,506,3045
1015,1 100 189,10,6.91716,580,3045
1015,1 111 402,10,6.91716,1028,3045
1015,1 160 491,10,6.91716,1304,3045
1015,1 180 285,10,6.91716,932,3045
1015,1 210 369,10,6.91716,1160,3045
1015,1 211 500,10,6.91716,1424,3045
1015,1 225 246,10,6.91716,944,3045
1015,1 279 445,10,6.91716,1450,3045
1015,1 292 329,10,6.91716,1244,3045
1015,1 295 414,10,6.91716,1420,3045
1015,1 358 374,10,6.91716,1466,3045
1015,1 38 318,10,6.91913,714,3045
1015,1 38 458,10,6.91913,994,3045
1015,1 48 328,10,6.91913,754,3045
1015,1 52 231,10,6.91913,568,3045
1015,1 63 488,10,6.91913,1104,3045
1015,1 65 283,10,6.91913,698,3045
1015,1 65 422,10,6.91913,976,3045
1015,1 71 82,10,6.91913,308,3045
1015,1 115 373,10,6.91913,978,3045
1015,1 126 155,10,6.91913,564,3045
1015,1 135 300,10,6.91913,872,3045
1015,1 135 425,10,6.91913,1122,3045
1015,1 148 176,10,6.91913,650,3045
1015,1 155 280,10,6.91913,872,3045
1015,1 155 445,10,6.91913,1202,3045
1015,1 187 386,10,6.91913,1148,3045
1015,1 187 419,10,6.91913,1214,3045
1015,1 227 274,10,6.91913,1004,3045
1015,1 233 281,10,6.91913,1030,3045
1015,1 277 426,10,6.91913,1408,3045
1015,1 280 425,10,6.91913,1412,3045
1015,1 300 445,10,6.91913,1492,3045
1015,1 313 502,10,6.91913,1632,3045
1015,1 368 440,10,6.91913,1618,3045
1015,1 36 120,10,6.9211,314,3045
1015,1 37 321,10,6.9211,718,3045
1015,1 65 79,10,6.9211,290,3045
1015,1 141 335,10,6.9211,954,3045
1015,1 150 385,10,6.9211,1072,3045
1015,1 155 424,10,6.9211,1160,3045
1015,1 157 301,10,6.9211,918,3045
1015,1 160 225,10,6.9211,772,3045
1015,1 166 264,10,6.9211,862,3045
1015,1 192 283,10,6.9211,952,3045
1015,1 214 344,10,6.9211,1118,3045
1015,1 239 396,10,6.9211,1272,3045
1015,1 278 448,10,6.9211,1454,3045
1015,1 373 449,10,6.9211,1646,3045
1015,1 15 389,10,6.92308,810,3045
1015,1 31 467,10,6.92308,998,3045
1015,1 61 87,10,6.92308,298,3045
1015,1 63 77,10,6.92308,282,3045
1015,1 121 140,10,6.92308,524,3045
1015,1 131 277,10,6.92308,818,3045
1015,1 151 175,10,6.92308,654,3045
1015,1 180 394,10,6.92308,1150,3045
1015,1 213 502,10,6.92308,1432,3045
1015,1 227 465,10,6.92308,1386,3045
1015,1 287 343,10,6.92308,1262,3045
1015,1 313 400,10,6.92308,1428,3045
1015,1 325 378,10,6.92308,1408,3045
1015,1 348 416,10,6.92308,1530,3045
1015,1 41 454,10,6.92505,992,3045
1015,1 42 319,10,6.92505,724,3045
1015,1 79 223,10,6.92505,606,3045
1015,1 99 286,10,6.92505,772,3045
1015,1 132 238,10,6.92505,742,3045
1015,1 132 278,10,6.92505,822,3045
1015,1 157 424,10,6.92505,1164,3045
1015,1 176 285,10,6.92505,924,3045
1015,1 177 259,10,6.92505,874,3045
1015,1 181 351,10,6.92505,1066,3045
1015,1 189 390,10,6.92505,1160,3045
1015,1 215 421,10,6.92505,1274,3045
1015,1 223 294,10,6.92505,1036,3045
1015,1 264 455,10,6.92505,1440,3045
1015,1 357 367,10,6.92505,1450,3045
1015,1 30 355,10,6.92702,772,3045
1015,1 38 463,10,6.92702,1004,3045
1015,1 57 136,10,6.92702,388,3045
1015,1 70 194,10,6.92702,530,3045
1015,1 105 361,10,6.92702,934,3045
1015,1 162 249,10,6.92702,824,3045
1015,1 187 306,10,6.92702,988,3045
1015,1 233 481,10,6.92702,1430,3045
1015,1 257 324,10,6.92702,1164,3045
1015,1 307 318,10,6.92702,1252,3045
1015,1 312 412,10,6.92702,1450,3045
1015,1 354 372,10,6.92702,1454,3045
1015,1 12 279,10,6.92899,584,3045
1015,1 14 277,10,6.92899,584,3045
1015,1 22 372,10,6.92899,790,3045
1015,1 29 469,10,6.92899,998,3045
1015,1 71 412,10,6.92899,968,3045
1015,1 77 502,10,6.92899,1160,3045
1015,1 211 502,10,6.92899,1428,3045
1015,1 245 464,10,6.92899,1420,3045
1015,1 277 423,10,6.92899,1402,3045
1015,1 323 386,10,6.92899,1420,3045
1015,1 11 133,10,6.93097,290,3045
1015,1 22 447,10,6.93097,940,3045
1015,1 23 366,10,6.93097,780,3045
1015,1 56 272,10,6.93097,658,3045
1015,1 97 269,10,6.93097,734,3045
1015,1 150 162,10,6.93097,626,3045
1015,1 153 448,10,6.93097,1204,3045
1015,1 164 455,10,6.93097,1240,3045
1015,1 229 350,10,6.93097,1160,3045
1015,1 230 240,10,6.93097,942,3045
1015,1 239 285,10,6.93097,1050,3045
1015,1 251 323,10,6.93097,1150,3045
1015,1 293 353,10,6.93097,1294,3045
1015,1 302 461,10,6.93097,1528,3045
1015,1 307 375,10,6.93097,1366,3045
1015,1 344 415,10,6.93097,1520,3045
1015,1 357 369,10,6.93097,1454,3045
1015,1 104 218,10,6.93294,646,3045
1015,1 244 412,10,6.93294,1314,3045
1015,1 372 433,10,6.93294,1612,3045
1015,1 10 389,10,6.93491,800,3045
1015,1 26 464,10,6.93491,982,3045
1015,1 39 174,10,6.93491,428,3045
1015,1 59 84,10,6.93491,288,3045
1015,1 67 501,10,6.93491,1138,3045
1015,1 69 376,10,6.93491,892,3045
1015,1 69 397,10,6.93491,934,3045
1015,1 69 449,10,6.93491,1038,3045
1015,1 79 456,10,6.93491,1072,3045
1015,1 86 119,10,6.93491,412,3045
1015,1 89 432,10,6.93491,1044,3045
1015,1 110 378,10,6.93491,978,3045
1015,1 120 394,10,6.93491,1030,3045
1015,1 132 479,10,6.93491,1224,3045
1015,1 143 248,10,6.93491,784,3045
1015,1 154 181,10,6.93491,672,3045
1015,1 156 302,10,6.93491,918,3045
1015,1 181 321,10,6.93491,1006,3045
1015,1 223 242,10,6.93491,932,3045
1015,1 286 399,10,6.93491,1372,3045
1015,1 286 456,10,6.93491,1486,3045
1015,1 303 447,10,6.93491,1502,3045
1015,1 362 456,10,6.93491,1638,3045
1015,1 10 446,10,6.93688,914,3045
1015,1 11 155,10,6.93688,334,3045
1015,1 20 302,10,6.93688,646,3045
1015,1 27 237,10,6.93688,530,3045
1015,1 63 198,10,6.93688,524,3045
1015,1 66 355,10,6.93688,844,3045
1015,1 92 355,10,6.93688,896,3045
1015,1 104 188,10,6.93688,586,3045
1015,1 115 355,10,6.93688,942,3045
1015,1 120 167,10,6.93688,576,3045
1015,1 132 302,10,6.93688,870,3045
1015,1 134 447,10,6.93688,1164,3045
1015,1 147 415,10,6.93688,1126,3045
1015,1 158 205,10,6.93688,728,3045
1015,1 178 248,10,6.93688,854,3045
1015,1 185 212,10,6.93688,796,3045
1015,1 195 447,10,6.93688,1286,3045
1015,1 197 244,10,6.93688,884,3045
1015,1 223 356,10,6.93688,1160,3045
1015,1 231 487,10,6.93688,1438,3045
1015,1 246 390,10,6.93688,1274,3045
1015,1 268 489,10,6.93688,1516,3045
1015,1 335 468,10,6.93688,1608,3045
1015,1 342 390,10,6.93688,1466,3045
1015,1 345 491,10,6.93688,1674,3045
1015,1 355 369,10,6.93688,1450,3045
1015,1 14 422,10,6.93886,874,3045
1015,1 71 309,10,6.93886,762,3045
1015,1 77 368,10,6.93886,892,3045
1015,1 227 371,10,6.93886,1198,3045
1015,1 309 496,10,6.93886,1612,3045
1015,1 313 413,10,6.93886,1454,3045
1015,1 51 333,10,6.94083,770,3045
1015,1 57 496,10,6.94083,1108,3045
1015,1 70 121,10,6.94083,384,3045
1015,1 73 317,10,6.94083,782,3045
1015,1 92 357,10,6.94083,900,3045
1015,1 92 502,10,6.94083,1190,3045
1015,1 109 277,10,6.94083,774,3045
1015,1 149 342,10,6.94083,984,3045
1015,1 151 420,10,6.94083,1144,3045
1015,1 199 292,10,6.94083,984,3045
1015,1 258 463,10,6.94083,1444,3045
1015,1 294 342,10,6.94083,1274,3045
1015,1 309 358,10,6.94083,1336,3045
1015,1 13 153,10,6.9428,334,3045
1015,1 16 179,10,6.9428,392,3045
1015,1 17 222,10,6.9428,480,3045
1015,1 32 471,10,6.9428,1008,3045
1015,1 43 118,10,6.9428,324,3045
1015,1 43 181,10,6.9428,450,3045
1015,1 49 326,10,6.9428,752,3045
1015,1 50 284,10,6.9428,670,3045
1015,1 56 90,10,6.9428,294,3045
1015,1 76 426,10,6.9428,1006,3045
1015,1 77 284,10,6.9428,724,3045
1015,1 78 246,10,6.9428,650,3045
1015,1 90 234,10,6.9428,650,3045
1015,1 118 286,10,6.9428,810,3045
1015,1 136 499,10,6.9428,1272,3045
1015,1 160 495,10,6.9428,1312,3045
1015,1 165 271,10,6.9428,874,3045
1015,1 182 411,10,6.9428,1188,3045
1015,1 196 439,10,6.9428,1272,3045
1015,1 206 495,10,6.9428,1404,3045
1015,1 246 414,10,6.9428,1322,3045
1015,1 250 411,10,6.9428,1324,3045
1015,1 250 430,10,6.9428,1362,3045
1015,1 272 491,10,6.9428,1528,3045
1015,1 274 491,10,6.9428,1532,3045
1015,1 306 444,10,6.9428,1502,3045
1015,1 334 390,10,6.9428,1450,3045
1015,1 360 378,10,6.9428,1478,3045
1015,1 11 136,10,6.94477,296,3045
1015,1 12 422,10,6.94477,870,3045
1015,1 13 223,10,6.94477,474,3045
1015,1 18 183,10,6.94477,404,3045
1015,1 23 394,10,6.94477,836,3045
1015,1 27 353,10,6.94477,762,3045
1015,1 29 428,10,6.94477,916,3045
1015,1 35 319,10,6.94477,710,3045
1015,1 42 100,10,6.94477,286,3045
1015,1 66 80,10,6.94477,294,3045
1015,1 78 139,10,6.94477,436,3045
1015,1 83 377,10,6.94477,922,3045
1015,1 125 274,10,6.94477,800,3045
1015,1 132 314,10,6.94477,894,3045
1015,1 133 301,10,6.94477,870,3045
1015,1 134 423,10,6.94477,1116,3045
1015,1 155 446,10,6.94477,1204,3045
1015,1 159 282,10,6.94477,884,3045
1015,1 188 389,10,6.94477,1156,3045
1015,1 242 422,10,6.94477,1330,3045
1015,1 264 368,10,6.94477,1266,3045
1015,1 265 275,10,6.94477,1082,3045
1015,1 306 321,10,6.94477,1256,3045
1015,1 330 445,10,6.94477,1552,3045
1015,1 356 368,10,6.94477,1450,3045
1015,1 369 449,10,6.94477,1638,3045
1015,1 35 200,10,6.94675,472,3045
1015,1 62 454,10,6.94675,1034,3045
1015,1 122 413,10,6.94675,1072,3045
1015,1 130 357,10,6.94675,976,3045
1015,1 208 371,10,6.94675,1160,3045
1015,1 302 442,10,6.94675,1490,3045
1015,1 351 447,10,6.94675,1598,3045
1015,1 55 352,10,6.94872,816,3045
1015,1 64 104,10,6.94872,338,3045
1015,1 81 208,10,6.94872,580,3045
1015,1 95 297,10,6.94872,786,3045
1015,1 109 501,10,6.94872,1222,3045
1015,1 111 379,10,6.94872,982,3045
1015,1 122 268,10,6.94872,782,3045
1015,1 132 167,10,6.94872,600,3045
1015,1 139 468,10,6.94872,1216,3045
1015,1 149 461,10,6.94872,1222,3045
1015,1 156 251,10,6.94872,816,3045
1015,1 178 401,10,6.94872,1160,3045
1015,1 223 314,10,6.94872,1076,3045
1015,1 244 391,10,6.94872,1272,3045
1015,1 250 454,10,6.94872,1410,3045
1015,1 351 460,10,6.94872,1624,3045
1015,1 10 134,10,6.95069,290,3045
1015,1 13 300,10,6.95069,628,3045
1015,1 22 365,10,6.95069,776,3045
1015,1 54 461,10,6.95069,1032,3045
1015,1 55 78,10,6.95069,268,3045
1015,1 61 85,10,6.95069,294,3045
1015,1 89 245,10,6.95069,670,3045
1015,1 94 311,10,6.95069,812,3045
1015,1 117 326,10,6.95069,888,3045
1015,1 132 449,10,6.95069,1164,3045
1015,1 155 323,10,6.95069,958,3045
1015,1 156 447,10,6.95069,1208,3045
1015,1 161 259,10,6.95069,842,3045
1015,1 165 416,10,6.95069,1164,3045
1015,1 223 358,10,6.95069,1164,3045
1015,1 251 359,10,6.95069,1222,3045
1015,1 258 321,10,6.95069,1160,3045
1015,1 281 321,10,6.95069,1206,3045
1015,1 302 422,10,6.95069,1450,3045
1015,1 309 449,10,6.95069,1518,3045
1015,1 347 457,10,6.95069,1610,3045
1015,1 356 500,10,6.95069,1714,3045
1015,1 368 501,10,6.95069,1740,3045
1015,1 34 478,10,6.95266,1026,3045
1015,1 41 481,10,6.95266,1046,3045
1015,1 59 249,10,6.95266,618,3045
1015,1 61 375,10,6.95266,874,3045
1015,1 64 344,10,6.95266,818,3045
1015,1 65 214,10,6.95266,560,3045
1015,1 66 212,10,6.95266,558,3045
1015,1 71 239,10,6.95266,622,3045
1015,1 79 500,10,6.95266,1160,3045
1015,1 82 354,10,6.95266,874,3045
1015,1 86 99,10,6.95266,372,3045
1015,1 111 386,10,6.95266,996,3045
1015,1 135 424,10,6.95266,1120,3045
1015,1 138 497,10,6.95266,1272,3045
1015,1 157 446,10,6.95266,1208,3045
1015,1 158 278,10,6.95266,874,3045
1015,1 162 260,10,6.95266,846,3045
1015,1 166 375,10,6.95266,1084,3045
1015,1 172 242,10,6.95266,830,3045
1015,1 178 324,10,6.95266,1006,3045
1015,1 209 432,10,6.95266,1284,3045
1015,1 228 364,10,6.95266,1186,3045
1015,1 268 458,10,6.95266,1454,3045
1015,1 270 284,10,6.95266,1110,3045
1015,1 307 365,10,6.95266,1346,3045
1015,1 310 416,10,6.95266,1454,3045
1015,1 335 411,10,6.95266,1494,3045
1015,1 13 159,10,6.95464,346,3045
1015,1 13 282,10,6.95464,592,3045
1015,1 17 156,10,6.95464,348,3045
1015,1 18 234,10,6.95464,506,3045
1015,1 32 466,10,6.95464,998,3045
1015,1 36 132,10,6.95464,338,3045
1015,1 44 335,10,6.95464,760,3045
1015,1 50 327,10,6.95464,756,3045
1015,1 78 222,10,6.95464,602,3045
1015,1 78 334,10,6.95464,826,3045
1015,1 92 223,10,6.95464,632,3045
1015,1 115 388,10,6.95464,1008,3045
1015,1 141 342,10,6.95464,968,3045
1015,1 200 346,10,6.95464,1094,3045
1015,1 220 415,10,6.95464,1272,3045
1015,1 224 410,10,6.95464,1270,3045
1015,1 232 490,10,6.95464,1446,3045
1015,1 235 459,10,6.95464,1390,3045
1015,1 248 418,10,6.95464,1334,3045
1015,1 330 429,10,6.95464,1520,3045
1015,1 14 303,10,6.95661,636,3045
1015,1 52 82,10,6.95661,270,3045
1015,1 67 77,10,6.95661,290,3045
1015,1 71 461,10,6.95661,1066,3045
1015,1 79 368,10,6.95661,896,3045
1015,1 85 363,10,6.95661,898,3045
1015,1 120 288,10,6.95661,818,3045
1015,1 137 497,10,6.95661,1270,3045
1015,1 157 422,10,6.95661,1160,3045
1015,1 163 189,10,6.95661,706,3045
1015,1 178 256,10,6.95661,870,3045
1015,1 216 422,10,6.95661,1278,3045
1015,1 226 372,10,6.95661,1198,3045
1015,1 233 484,10,6.95661,1436,3045
1015,1 251 449,10,6.95661,1402,3045
1015,1 268 412,10,6.95661,1362,3045
1015,1 278 424,10,6.95661,1406,3045
1015,1 318 368,10,6.95661,1374,3045
1015,1 321 386,10,6.95661,1416,3045
1015,1 32 321,10,6.95858,708,3045
1015,1 76 92,10,6.95858,338,3045
1015,1 121 496,10,6.95858,1236,3045
1015,1 132 466,10,6.95858,1198,3045
1015,1 151 214,10,6.95858,732,3045
1015,1 158 449,10,6.95858,1216,3045
1015,1 159 327,10,6.95858,974,3045
1015,1 166 309,10,6.95858,952,3045
1015,1 212 222,10,6.95858,870,3045
1015,1 223 388,10,6.95858,1224,3045
1015,1 320 365,10,6.95858,1372,3045
1015,1 342 398,10,6.95858,1482,3045
1015,1 21 363,10,6.96055,770,3045
1015,1 22 458,10,6.96055,962,3045
1015,1 23 413,10,6.96055,874,3045
1015,1 34 125,10,6.96055,320,3045
1015,1 35 468,10,6.96055,1008,3045
1015,1 42 288,10,6.96055,662,3045
1015,1 57 273,10,6.96055,662,3045
1015,1 62 335,10,6.96055,796,3045
1015,1 82 226,10,6.96055,618,3045
1015,1 119 500,10,6.96055,1240,3045
1015,1 120 442,10,6.96055,1126,3045
1015,1 167 245,10,6.96055,826,3045
1015,1 190 454,10,6.96055,1290,3045
1015,1 209 265,10,6.96055,950,3045
1015,1 256 323,10,6.96055,1160,3045
1015,1 300 351,10,6.96055,1304,3045
1015,1 353 371,10,6.96055,1450,3045
1015,1 19 455,10,6.96252,950,3045
1015,1 48 125,10,6.96252,348,3045
1015,1 77 445,10,6.96252,1046,3045
1015,1 112 426,10,6.96252,1078,3045
1015,1 148 230,10,6.96252,758,3045
1015,1 238 274,10,6.96252,1026,3045
1015,1 350 374,10,6.96252,1450,3045
1015,1 17 441,10,6.9645,918,3045
1015,1 21 164,10,6.9645,372,3045
1015,1 106 259,10,6.9645,732,3045
1015,1 229 266,10,6.9645,992,3045
1015,1 259 322,10,6.9645,1164,3045
1015,1 316 371,10,6.9645,1376,3045
1015,1 15 300,10,6.96647,632,3045
1015,1 48 106,10,6.96647,310,3045
1015,1 57 316,10,6.96647,748,3045
1015,1 58 93,10,6.96647,304,3045
1015,1 69 321,10,6.96647,782,3045
1015,1 80 98,10,6.96647,358,3045
1015,1 126 409,10,6.96647,1072,3045
1015,1 148 463,10,6.96647,1224,3045
1015,1 150 230,10,6.96647,762,3045
1015,1 161 474,10,6.96647,1272,3045
1015,1 174 382,10,6.96647,1114,3045
1015,1 216 456,10,6.96647,1346,3045
1015,1 10 120,10,6.96844,262,3045
1015,1 10 182,10,6.96844,386,3045
1015,1 18 426,10,6.96844,890,3045
1015,1 50 448,10,6.96844,998,3045
1015,1 61 495,10,6.96844,1114,3045
1015,1 64 482,10,6.96844,1094,3045
1015,1 97 398,10,6.96844,992,3045
1015,1 111 293,10,6.96844,810,3045
1015,1 121 438,10,6.96844,1120,3045
1015,1 125 416,10,6.96844,1084,3045
1015,1 129 283,10,6.96844,826,3045
1015,1 137 387,10,6.96844,1050,3045
1015,1 143 274,10,6.96844,836,3045
1015,1 151 163,10,6.96844,630,3045
1015,1 186 354,10,6.96844,1082,3045
1015,1 191 391,10,6.96844,1166,3045
1015,1 282 362,10,6.96844,1290,3045
1015,1 299 372,10,6.96844,1344,3045
1015,1 324 379,10,6.96844,1408,3045
1015,1 373 412,10,6.96844,1572,3045
1015,1 20 164,10,6.97041,370,3045
1015,1 54 96,10,6.97041,302,3045
1015,1 64 74,10,6.97041,278,3045
1015,1 67 503,10,6.97041,1142,3045
1015,1 94 111,10,6.97041,412,3045
1015,1 113 466,10,6.97041,1160,3045
1015,1 158 404,10,6.97041,1126,3045
1015,1 159 303,10,6.97041,926,3045
1015,1 212 388,10,6.97041,1202,3045
1015,1 229 495,10,6.97041,1450,3045
1015,1 262 476,10,6.97041,1478,3045
1015,1 273 492,10,6.97041,1532,3045
1015,1 304 327,10,6.97041,1264,3045
1015,1 23 268,10,6.97239,584,3045
1015,1 32 266,10,6.97239,598,3045
1015,1 34 178,10,6.97239,426,3045
1015,1 59 325,10,6.97239,770,3045
1015,1 67 115,10,6.97239,366,3045
1015,1 85 100,10,6.97239,372,3045
1015,1 86 470,10,6.97239,1114,3045
1015,1 147 453,10,6.97239,1202,3045
1015,1 161 298,10,6.97239,920,3045
1015,1 182 222,10,6.97239,810,3045
1015,1 189 480,10,6.97239,1340,3045
1015,1 209 353,10,6.97239,1126,3045
1015,1 226 498,10,6.97239,1450,3045
1015,1 256 402,10,6.97239,1318,3045
1015,1 267 457,10,6.97239,1450,3045
1015,1 303 335,10,6.97239,1278,3045
1015,1 311 375,10,6.97239,1374,3045
1015,1 359 370,10,6.97239,1460,3045
1015,1 14 444,10,6.97436,918,3045
1015,1 16 224,10,6.97436,482,3045
1015,1 50 80,10,6.97436,262,3045
1015,1 97 330,10,6.97436,856,3045
1015,1 130 438,10,6.97436,1138,3045
1015,1 265 293,10,6.97436,1118,3045
1015,1 19 415,10,6.97633,870,3045
1015,1 65 211,10,6.97633,554,3045
1015,1 85 374,10,6.97633,920,3045
1015,1 113 176,10,6.97633,580,3045
1015,1 132 421,10,6.97633,1108,3045
1015,1 135 279,10,6.97633,830,3045
1015,1 223 503,10,6.97633,1454,3045
1015,1 95 493,10,6.9783,1178,3045
1015,1 98 378,10,6.9783,954,3045
1015,1 126 415,10,6.9783,1084,3045
1015,1 135 280,10,6.9783,832,3045
1015,1 135 445,10,6.9783,1162,3045
1015,1 155 300,10,6.9783,912,3045
1015,1 155 425,10,6.9783,1162,3045
1015,1 280 445,10,6.9783,1452,3045
1015,1 300 425,10,6.9783,1452,3045
1015,1 12 134,10,6.98028,294,3045
1015,1 13 302,10,6.98028,632,3045
1015,1 27 148,10,6.98028,352,3045
1015,1 48 281,10,6.98028,660,3045
1015,1 54 94,10,6.98028,298,3045
1015,1 54 129,10,6.98028,368,3045
1015,1 65 400,10,6.98028,932,3045
1015,1 78 211,10,6.98028,580,3045
1015,1 94 299,10,6.98028,788,3045
1015,1 158 423,10,6.98028,1164,3045
1015,1 168 268,10,6.98028,874,3045
1015,1 178 469,10,6.98028,1296,3045
1015,1 188 419,10,6.98028,1216,3045
1015,1 212 356,10,6.98028,1138,3045
1015,1 224 387,10,6.98028,1224,3045
1015,1 246 373,10,6.98028,1240,3045
1015,1 279 447,10,6.98028,1454,3045
1015,1 283 417,10,6.98028,1402,3045
1015,1 329 445,10,6.98028,1550,3045
1015,1 343 438,10,6.98028,1564,3045
1015,1 54 332,10,6.98225,774,3045
1015,1 71 230,10,6.98225,604,3045
1015,1 80 356,10,6.98225,874,3045
1015,1 94 257,10,6.98225,704,3045
1015,1 107 312,10,6.98225,840,3045
1015,1 134 445,10,6.98225,1160,3045
1015,1 165 309,10,6.98225,950,3045
1015,1 166 445,10,6.98225,1224,3045
1015,1 180 214,10,6.98225,790,3045
1015,1 375 496,10,6.98225,1744,3045
1015,1 15 153,10,6.98422,338,3045
1015,1 20 272,10,6.98422,586,3045
1015,1 20 315,10,6.98422,672,3045
1015,1 37 102,10,6.98422,280,3045
1015,1 43 95,10,6.98422,278,3045
1015,1 45 118,10,6.98422,328,3045
1015,1 53 487,10,6.98422,1082,3045
1015,1 129 408,10,6.98422,1076,3045
1015,1 192 299,10,6.98422,984,3045
1015,1 198 344,10,6.98422,1086,3045
1015,1 239 383,10,6.98422,1246,3045
1015,1 34 468,10,6.98619,1006,3045
1015,1 167 412,10,6.98619,1160,3045
1015,1 177 493,10,6.98619,1342,3045
1015,1 209 372,10,6.98619,1164,3045
1015,1 220 371,10,6.98619,1184,3045
1015,1 261 367,10,6.98619,1258,3045
1015,1 295 449,10,6.98619,1490,3045
1015,1 300 321,10,6.98619,1244,3045
1015,1 11 423,10,6.98817,870,3045
1015,1 12 132,10,6.98817,290,3045
1015,1 45 189,10,6.98817,470,3045
1015,1 53 258,10,6.98817,624,3045
1015,1 53 344,10,6.98817,796,3045
1015,1 113 243,10,6.98817,714,3045
1015,1 198 383,10,6.98817,1164,3045
1015,1 223 369,10,6.98817,1186,3045
1015,1 239 487,10,6.98817,1454,3045
1015,1 243 392,10,6.98817,1272,3045
1015,1 294 472,10,6.98817,1534,3045
1015,1 311 358,10,6.98817,1340,3045
1015,1 351 495,10,6.98817,1694,3045
1015,1 359 383,10,6.98817,1486,3045
1015,1 12 374,10,6.99014,774,3045
1015,1 14 224,10,6.99014,478,3045
1015,1 19 228,10,6.99014,496,3045
1015,1 105 345,10,6.99014,902,3045
1015,1 116 425,10,6.99014,1084,3045
1015,1 138 423,10,6.99014,1124,3045
1015,1 179 491,10,6.99014,1342,3045
1015,1 246 389,10,6.99014,1272,3045
1015,1 71 238,10,6.99211,620,3045
1015,1 167 359,10,6.99211,1054,3045
1015,1 168 200,10,6.99211,738,3045
1015,1 172 311,10,6.99211,968,3045
1015,1 13 131,10,6.99408,290,3045
1015,1 15 386,10,6.99408,804,3045
1015,1 31 403,10,6.99408,870,3045
1015,1 50 71,10,6.99408,244,3045
1015,1 52 476,10,6.99408,1058,3045
1015,1 55 463,10,6.99408,1038,3045
1015,1 57 90,10,6.99408,296,3045
1015,1 68 78,10,6.99408,294,3045
1015,1 76 251,10,6.99408,656,3045
1015,1 147 488,10,6.99408,1272,3045
1015,1 12 277,10,6.99606,580,3045
1015,1 13 133,10,6.99606,294,3045
1015,1 16 227,10,6.99606,488,3045
1015,1 17 397,10,6.99606,830,3045
1015,1 43 240,10,6.99606,568,3045
1015,1 43 385,10,6.99606,858,3045
1015,1 66 502,10,6.99606,1138,3045
1015,1 67 313,10,6.99606,762,3045
1015,1 78 224,10,6.99606,606,3045
1015,1 92 174,10,6.99606,534,3045
1015,1 100 118,10,6.99606,438,3045
1015,1 106 461,10,6.99606,1136,3045
1015,1 113 275,10,6.99606,778,3045
1015,1 118 245,10,6.99606,728,3045
1015,1 132 447,10,6.99606,1160,3045
1015,1 134 193,10,6.99606,656,3045
1015,1 142 257,10,6.99606,800,3045
1015,1 156 248,10,6.99606,810,3045
1015,1 211 223,10,6.99606,870,3045
1015,1 216 251,10,6.99606,936,3045
1015,1 279 302,10,6.99606,1164,3045
1015,1 285 503,10,6.99606,1578,3045
1015,1 303 444,10,6.99606,1496,3045
1015,1 312 356,10,6.99606,1338,3045
1015,1 316 484,10,6.99606,1602,3045
1015,1 342 377,10,6.99606,1440,3045
1015,1 26 263,10,6.99803,580,3045
1015,1 36 172,10,6.99803,418,3045
1015,1 39 107,10,6.99803,294,3045
1015,1 47 478,10,6.99803,1052,3045
1015,1 48 76,10,6.99803,250,3045
1015,1 83 148,10,6.99803,464,3045
1015,1 97 379,10,6.99803,954,3045
1015,1 108 141,10,6.99803,500,3045
1015,1 206 328,10,6.99803,1070,3045
1015,1 242 393,10,6.99803,1272,3045
1015,1 247 332,10,6.99803,1160,3045
1015,1 271 432,10,6.99803,1408,3045
1015,1 293 412,10,6.99803,1412,3045
1015,1 372 391,10,6.99803,1528,3045
1015,1 10 299,10,7,620,3045
1015,1 129 275,10,7,810,3045
1015,1 167 489,10,7,1314,3045
1015,1 183 384,10,7,1136,3045
1015,1 234 373,10,7,1216,3045
1015,1 245 391,10,7,1274,3045
1015,1 247 283,10,7,1062,3045
1015,1 263 334,10,7,1196,3045
1015,1 379 490,10,7,1740,3045
1015,1 13 428,10,7.00197,884,3045
1015,1 64 83,10,7.00197,296,3045
1015,1 78 111,10,7.00197,380,3045
1015,1 103 143,11,6.83826,494,3045
1015,1 160 257,11,6.83826,836,3045
1015,1 185 312,11,6.83826,996,3045
1015,1 269 362,11,6.83826,1264,3045
1015,1 366 473,11,6.83826,1680,3045
1015,1 63 264,11,6.84024,656,3045
1015,1 66 247,11,6.84024,628,3045
1015,1 103 263,11,6.84024,734,3045
1015,1 177 284,11,6.84221,924,3045
1015,1 317 367,11,6.84221,1370,3045
1015,1 333 411,11,6.84221,1490,3045
1015,1 38 247,11,6.84418,572,3045
1015,1 47 199,11,6.84418,494,3045
1015,1 51 367,11,6.84418,838,3045
1015,1 108 177,11,6.84418,572,3045
1015,1 156 263,11,6.84418,840,3045
1015,1 187 501,11,6.84418,1378,3045
1015,1 160 460,11,6.84615,1242,3045
1015,1 130 343,11,6.84813,948,3045
1015,1 17 191,11,6.8501,418,3045
1015,1 117 186,11,6.8501,608,3045
1015,1 347 418,11,6.8501,1532,3045
1015,1 70 302,11,6.85207,746,3045
1015,1 175 447,11,6.85207,1246,3045
1015,1 25 399,11,6.85404,850,3045
1015,1 34 115,11,6.85404,300,3045
1015,1 46 403,11,6.85404,900,3045
1015,1 68 83,11,6.85404,304,3045
1015,1 101 260,11,6.85404,724,3045
1015,1 201 495,11,6.85404,1394,3045
1015,1 209 325,11,6.85404,1070,3045
1015,1 331 428,11,6.85404,1520,3045
1015,1 350 409,11,6.85404,1520,3045
1015,1 15 376,11,6.85602,784,3045
1015,1 40 473,11,6.85602,1028,3045
1015,1 60 103,11,6.85602,328,3045
1015,1 66 85,11,6.85602,304,3045
1015,1 88 159,11,6.85602,496,3045
1015,1 102 173,11,6.85602,552,3045
1015,1 112 318,11,6.85602,862,3045
1015,1 130 402,11,6.85602,1066,3045
1015,1 140 261,11,6.85602,804,3045
1015,1 205 491,11,6.85602,1394,3045
1015,1 233 294,11,6.85602,1056,3045
1015,1 246 320,11,6.85602,1134,3045
1015,1 250 413,11,6.85602,1328,3045
1015,1 304 378,11,6.85602,1366,3045
1015,1 305 494,11,6.85602,1600,3045
1015,1 355 446,11,6.85602,1604,3045
1015,1 16 298,11,6.85799,630,3045
1015,1 51 472,11,6.85799,1048,3045
1015,1 58 439,11,6.85799,996,3045
1015,1 83 107,11,6.85799,382,3045
1015,1 121 428,11,6.85799,1100,3045
1015,1 143 453,11,6.85799,1194,3045
1015,1 151 332,11,6.85799,968,3045
1015,1 175 189,11,6.85799,730,3045
1015,1 186 259,11,6.85799,892,3045
1015,1 191 266,11,6.85799,916,3045
1015,1 199 467,11,6.85799,1334,3045
1015,1 213 243,11,6.85799,914,3045
1015,1 266 280,11,6.85799,1094,3045
1015,1 326 377,11,6.85799,1408,3045
1015,1 362 444,11,6.85799,1614,3045
1015,1 22 395,11,6.85996,836,3045
1015,1 47 247,11,6.85996,590,3045
1015,1 52 439,11,6.85996,984,3045
1015,1 60 489,11,6.85996,1100,3045
1015,1 67 488,11,6.85996,1112,3045
1015,1 81 198,11,6.85996,560,3045
1015,1 87 300,11,6.85996,776,3045
1015,1 108 286,11,6.85996,790,3045
1015,1 120 432,11,6.85996,1106,3045
1015,1 138 487,11,6.85996,1252,3045
1015,1 142 372,11,6.85996,1030,3045
1015,1 172 404,11,6.85996,1154,3045
1015,1 181 263,11,6.85996,890,3045
1015,1 193 269,11,6.85996,926,3045
1015,1 228 401,11,6.85996,1260,3045
1015,1 242 395,11,6.85996,1276,3045
1015,1 262 478,11,6.85996,1482,3045
1015,1 303 326,11,6.85996,1260,3045
1015,1 304 492,11,6.85996,1594,3045
1015,1 305 323,11,6.85996,1258,3045
1015,1 305 384,11,6.85996,1380,3045
1015,1 366 412,11,6.85996,1558,3045
1015,1 13 375,11,6.86193,778,3045
1015,1 14 231,11,6.86193,492,3045
1015,1 14 299,11,6.86193,628,3045
1015,1 36 448,11,6.86193,970,3045
1015,1 61 260,11,6.86193,644,3045
1015,1 78 185,11,6.86193,528,3045
1015,1 115 304,11,6.86193,840,3045
1015,1 129 224,11,6.86193,708,3045
1015,1 132 210,11,6.86193,686,3045
1015,1 140 223,11,6.86193,728,3045
1015,1 141 238,11,6.86193,760,3045
1015,1 172 205,11,6.86193,756,3045
1015,1 210 485,11,6.86193,1392,3045
1015,1 230 404,11,6.86193,1270,3045
1015,1 238 400,11,6.86193,1278,3045
1015,1 41 107,11,6.86391,298,3045
1015,1 59 275,11,6.86391,670,3045
1015,1 65 175,11,6.86391,482,3045
1015,1 86 305,11,6.86391,784,3045
1015,1 99 443,11,6.86391,1086,3045
1015,1 105 167,11,6.86391,546,3045
1015,1 117 264,11,6.86391,764,3045
1015,1 258 347,11,6.86391,1212,3045
1015,1 332 417,11,6.86391,1500,3045
1015,1 358 396,11,6.86391,1510,3045
1015,1 16 388,11,6.86588,810,3045
1015,1 25 403,11,6.86588,858,3045
1015,1 33 151,11,6.86588,370,3045
1015,1 38 322,11,6.86588,722,3045
1015,1 48 474,11,6.86588,1046,3045
1015,1 67 121,11,6.86588,378,3045
1015,1 68 330,11,6.86588,798,3045
1015,1 77 485,11,6.86588,1126,3045
1015,1 85 150,11,6.86588,472,3045
1015,1 117 148,11,6.86588,532,3045
1015,1 123 303,11,6.86588,854,3045
1015,1 129 478,11,6.86588,1216,3045
1015,1 142 172,11,6.86588,630,3045
1015,1 155 411,11,6.86588,1134,3045
1015,1 157 327,11,6.86588,970,3045
1015,1 187 329,11,6.86588,1034,3045
1015,1 193 299,11,6.86588,986,3045
1015,1 200 260,11,6.86588,922,3045
1015,1 231 243,11,6.86588,950,3045
1015,1 278 444,11,6.86588,1446,3045
1015,1 284 375,11,6.86588,1320,3045
1015,1 347 409,11,6.86588,1514,3045
1015,1 28 152,11,6.86785,362,3045
1015,1 57 130,11,6.86785,376,3045
1015,1 63 325,11,6.86785,778,3045
1015,1 65 399,11,6.86785,930,3045
1015,1 76 175,11,6.86785,504,3045
1015,1 92 390,11,6.86785,966,3045
1015,1 109 261,11,6.86785,742,3045
1015,1 116 164,11,6.86785,562,3045
1015,1 136 162,11,6.86785,598,3045
1015,1 137 307,11,6.86785,890,3045
1015,1 149 319,11,6.86785,938,3045
1015,1 155 450,11,6.86785,1212,3045
1015,1 163 306,11,6.86785,940,3045
1015,1 174 229,11,6.86785,808,3045
1015,1 176 413,11,6.86785,1180,3045
1015,1 207 294,11,6.86785,1004,3045
1015,1 305 463,11,6.86785,1538,3045
1015,1 308 421,11,6.86785,1460,3045
1015,1 342 415,11,6.86785,1516,3045
1015,1 14 283,11,6.86982,596,3045
1015,1 17 159,11,6.86982,354,3045
1015,1 33 275,11,6.86982,618,3045
1015,1 34 467,11,6.86982,1004,3045
1015,1 35 411,11,6.86982,894,3045
1015,1 62 424,11,6.86982,974,3045
1015,1 63 483,11,6.86982,1094,3045
1015,1 79 177,11,6.86982,514,3045
1015,1 80 415,11,6.86982,992,3045
1015,1 100 344,11,6.86982,890,3045
1015,1 102 262,11,6.86982,730,3045
1015,1 102 347,11,6.86982,900,3045
1015,1 117 246,11,6.86982,728,3045
1015,1 123 330,11,6.86982,908,3045
1015,1 137 213,11,6.86982,702,3045
1015,1 147 373,11,6.86982,1042,3045
1015,1 163 209,11,6.86982,746,3045
1015,1 198 466,11,6.86982,1330,3045
1015,1 210 284,11,6.86982,990,3045
1015,1 211 285,11,6.86982,994,3045
1015,1 239 460,11,6.86982,1400,3045
1015,1 279 345,11,6.86982,1250,3045
1015,1 321 408,11,6.86982,1460,3045
1015,1 330 443,11,6.86982,1548,3045
1015,1 367 442,11,6.86982,1620,3045
1015,1 15 178,11,6.87179,388,3045
1015,1 17 375,11,6.87179,786,3045
1015,1 20 375,11,6.87179,792,3045
1015,1 23 304,11,6.87179,656,3045
1015,1 40 268,11,6.87179,618,3045
1015,1 61 198,11,6.87179,520,3045
1015,1 72 462,11,6.87179,1070,3045
1015,1 81 432,11,6.87179,1028,3045
1015,1 91 437,11,6.87179,1058,3045
1015,1 100 265,11,6.87179,732,3045
1015,1 103 466,11,6.87179,1140,3045
1015,1 137 159,11,6.87179,594,3045
1015,1 153 416,11,6.87179,1140,3045
1015,1 157 404,11,6.87179,1124,3045
1015,1 163 473,11,6.87179,1274,3045
1015,1 210 366,11,6.87179,1154,3045
1015,1 242 317,11,6.87179,1120,3045
1015,1 269 350,11,6.87179,1240,3045
1015,1 272 487,11,6.87179,1520,3045
1015,1 278 353,11,6.87179,1264,3045
1015,1 294 310,11,6.87179,1210,3045
1015,1 333 401,11,6.87179,1470,3045
1015,1 12 221,11,6.87377,468,3045
1015,1 27 150,11,6.87377,356,3045
1015,1 29 455,11,6.87377,970,3045
1015,1 35 358,11,6.87377,788,3045
1015,1 42 412,11,6.87377,910,3045
1015,1 44 477,11,6.87377,1044,3045
1015,1 60 372,11,6.87377,866,3045
1015,1 65 90,11,6.87377,312,3045
1015,1 68 183,11,6.87377,504,3045
1015,1 91 206,11,6.87377,596,3045
1015,1 103 423,11,6.87377,1054,3045
1015,1 105 258,11,6.87377,728,3045
1015,1 124 473,11,6.87377,1196,3045
1015,1 150 398,11,6.87377,1098,3045
1015,1 171 301,11,6.87377,946,3045
1015,1 178 313,11,6.87377,984,3045
1015,1 184 441,11,6.87377,1252,3045
1015,1 188 220,11,6.87377,818,3045
1015,1 194 227,11,6.87377,844,3045
1015,1 235 482,11,6.87377,1436,3045
1015,1 268 361,11,6.87377,1260,3045
1015,1 271 301,11,6.87377,1146,3045
1015,1 283 469,11,6.87377,1506,3045
1015,1 284 357,11,6.87377,1284,3045
1015,1 310 371,11,6.87377,1364,3045
1015,1 346 403,11,6.87377,1500,3045
1015,1 357 373,11,6.87377,1462,3045
1015,1 360 412,11,6.87377,1546,3045
1015,1 372 399,11,6.87377,1544,3045
1015,1 23 215,11,6.87574,478,3045
1015,1 32 356,11,6.87574,778,3045
1015,1 34 410,11,6.87574,890,3045
1015,1 43 480,11,6.87574,1048,3045
1015,1 58 431,11,6.87574,980,3045
1015,1 70 309,11,6.87574,760,3045
1015,1 74 354,11,6.87574,858,3045
1015,1 87 471,11,6.87574,1118,3045
1015,1 95 490,11,6.87574,1172,3045
1015,1 96 489,11,6.87574,1172,3045
1015,1 118 200,11,6.87574,638,3045
1015,1 119 465,11,6.87574,1170,3045
1015,1 130 300,11,6.87574,862,3045
1015,1 134 228,11,6.87574,726,3045
1015,1 138 222,11,6.87574,722,3045
1015,1 152 164,11,6.87574,634,3045
1015,1 160 206,11,6.87574,734,3045
1015,1 161 398,11,6.87574,1120,3045
1015,1 174 430,11,6.87574,1210,3045
1015,1 181 492,11,6.87574,1348,3045
1015,1 200 484,11,6.87574,1370,3045
1015,1 207 453,11,6.87574,1322,3045
1015,1 209 430,11,6.87574,1280,3045
1015,1 210 496,11,6.87574,1414,3045
1015,1 216 445,11,6.87574,1324,3045
1015,1 229 298,11,6.87574,1056,3045
1015,1 230 353,11,6.87574,1168,3045
1015,1 262 283,11,6.87574,1092,3045
1015,1 271 285,11,6.87574,1114,3045
1015,1 286 373,11,6.87574,1320,3045
1015,1 324 384,11,6.87574,1418,3045
1015,1 365 378,11,6.87574,1488,3045
1015,1 30 293,11,6.87771,648,3045
1015,1 31 355,11,6.87771,774,3045
1015,1 32 450,11,6.87771,966,3045
1015,1 34 161,11,6.87771,392,3045
1015,1 44 318,11,6.87771,726,3045
1015,1 47 129,11,6.87771,354,3045
1015,1 54 415,11,6.87771,940,3045
1015,1 55 95,11,6.87771,302,3045
1015,1 94 440,11,6.87771,1070,3045
1015,1 97 135,11,6.87771,466,3045
1015,1 102 233,11,6.87771,672,3045
1015,1 108 278,11,6.87771,774,3045
1015,1 131 185,11,6.87771,634,3045
1015,1 154 209,11,6.87771,728,3045
1015,1 157 299,11,6.87771,914,3045
1015,1 222 430,11,6.87771,1306,3045
1015,1 346 408,11,6.87771,1510,3045
1015,1 355 375,11,6.87771,1462,3045
1015,1 19 280,11,6.87968,600,3045
1015,1 23 239,11,6.87968,526,3045
1015,1 35 416,11,6.87968,904,3045
1015,1 35 461,11,6.87968,994,3045
1015,1 36 198,11,6.87968,470,3045
1015,1 36 206,11,6.87968,486,3045
1015,1 45 377,11,6.87968,846,3045
1015,1 60 274,11,6.87968,670,3045
1015,1 61 105,11,6.87968,334,3045
1015,1 69 152,11,6.87968,444,3045
1015,1 73 207,11,6.87968,562,3045
1015,1 122 353,11,6.87968,952,3045
1015,1 133 298,11,6.87968,864,3045
1015,1 141 389,11,6.87968,1062,3045
1015,1 141 502,11,6.87968,1288,3045
1015,1 175 374,11,6.87968,1100,3045
1015,1 185 426,11,6.87968,1224,3045
1015,1 208 344,11,6.87968,1106,3045
1015,1 215 250,11,6.87968,932,3045
1015,1 219 462,11,6.87968,1364,3045
1015,1 241 308,11,6.87968,1100,3045
1015,1 251 350,11,6.87968,1204,3045
1015,1 271 394,11,6.87968,1332,3045
1015,1 277 487,11,6.87968,1530,3045
1015,1 292 456,11,6.87968,1498,3045
1015,1 364 453,11,6.87968,1636,3045
1015,1 21 240,11,6.88166,524,3045
1015,1 25 191,11,6.88166,434,3045
1015,1 29 459,11,6.88166,978,3045
1015,1 32 173,11,6.88166,412,3045
1015,1 80 184,11,6.88166,530,3045
1015,1 82 216,11,6.88166,598,3045
1015,1 83 305,11,6.88166,778,3045
1015,1 88 229,11,6.88166,636,3045
1015,1 101 175,11,6.88166,554,3045
1015,1 103 484,11,6.88166,1176,3045
1015,1 119 441,11,6.88166,1122,3045
1015,1 122 172,11,6.88166,590,3045
1015,1 134 490,11,6.88166,1250,3045
1015,1 140 356,11,6.88166,994,3045
1015,1 140 376,11,6.88166,1034,3045
1015,1 140 494,11,6.88166,1270,3045
1015,1 147 345,11,6.88166,986,3045
1015,1 150 318,11,6.88166,938,3045
1015,1 164 222,11,6.88166,774,3045
1015,1 171 485,11,6.88166,1314,3045
1015,1 174 196,11,6.88166,742,3045
1015,1 175 392,11,6.88166,1136,3045
1015,1 186 425,11,6.88166,1224,3045
1015,1 201 350,11,6.88166,1104,3045
1015,1 208 251,11,6.88166,920,3045
1015,1 233 440,11,6.88166,1348,3045
1015,1 261 429,11,6.88166,1382,3045
1015,1 12 182,11,6.88363,390,3045
1015,1 13 179,11,6.88363,386,3045
1015,1 17 296,11,6.88363,628,3045
1015,1 24 303,11,6.88363,656,3045
1015,1 24 408,11,6.88363,866,3045
1015,1 25 450,11,6.88363,952,3045
1015,1 28 128,11,6.88363,314,3045
1015,1 28 446,11,6.88363,950,3045
1015,1 46 214,11,6.88363,522,3045
1015,1 51 315,11,6.88363,734,3045
1015,1 51 489,11,6.88363,1082,3045
1015,1 59 402,11,6.88363,924,3045
1015,1 61 343,11,6.88363,810,3045
1015,1 62 86,11,6.88363,298,3045
1015,1 63 433,11,6.88363,994,3045
1015,1 66 182,11,6.88363,498,3045
1015,1 67 422,11,6.88363,980,3045
1015,1 76 493,11,6.88363,1140,3045
1015,1 78 248,11,6.88363,654,3045
1015,1 87 414,11,6.88363,1004,3045
1015,1 95 343,11,6.88363,878,3045
1015,1 102 418,11,6.88363,1042,3045
1015,1 102 492,11,6.88363,1190,3045
1015,1 114 183,11,6.88363,596,3045
1015,1 129 199,11,6.88363,658,3045
1015,1 134 392,11,6.88363,1054,3045
1015,1 135 394,11,6.88363,1060,3045
1015,1 154 423,11,6.88363,1156,3045
1015,1 154 500,11,6.88363,1310,3045
1015,1 166 484,11,6.88363,1302,3045
1015,1 175 271,11,6.88363,894,3045
1015,1 181 310,11,6.88363,984,3045
1015,1 199 245,11,6.88363,890,3045
1015,1 206 490,11,6.88363,1394,3045
1015,1 216 331,11,6.88363,1096,3045
1015,1 218 476,11,6.88363,1390,3045
1015,1 234 408,11,6.88363,1286,3045
1015,1 242 276,11,6.88363,1038,3045
1015,1 262 334,11,6.88363,1194,3045
1015,1 265 389,11,6.88363,1310,3045
1015,1 274 485,11,6.88363,1520,3045
1015,1 286 355,11,6.88363,1284,3045
1015,1 296 368,11,6.88363,1330,3045
1015,1 299 384,11,6.88363,1368,3045
1015,1 356 497,11,6.88363,1708,3045
1015,1 16 368,11,6.8856,770,3045
1015,1 18 439,11,6.8856,916,3045
1015,1 19 393,11,6.8856,826,3045
1015,1 23 444,11,6.8856,936,3045
1015,1 32 282,11,6.8856,630,3045
1015,1 35 119,11,6.8856,310,3045
1015,1 37 97,11,6.8856,270,3045
1015,1 41 347,11,6.8856,778,3045
1015,1 43 320,11,6.8856,728,3045
1015,1 60 196,11,6.8856,514,3045
1015,1 74 342,11,6.8856,834,3045
1015,1 85 269,11,6.8856,710,3045
1015,1 88 325,11,6.8856,828,3045
1015,1 90 332,11,6.8856,846,3045
1015,1 92 297,11,6.8856,780,3045
1015,1 96 352,11,6.8856,898,3045
1015,1 97 453,11,6.8856,1102,3045
1015,1 98 319,11,6.8856,836,3045
1015,1 99 157,11,6.8856,514,3045
1015,1 101 489,11,6.8856,1182,3045
1015,1 101 494,11,6.8856,1192,3045
1015,1 104 360,11,6.8856,930,3045
1015,1 107 495,11,6.8856,1206,3045
1015,1 116 327,11,6.8856,888,3045
1015,1 117 278,11,6.8856,792,3045
1015,1 118 205,11,6.8856,648,3045
1015,1 142 328,11,6.8856,942,3045
1015,1 152 384,11,6.8856,1074,3045
1015,1 166 201,11,6.8856,736,3045
1015,1 173 400,11,6.8856,1148,3045
1015,1 176 201,11,6.8856,756,3045
1015,1 183 497,11,6.8856,1362,3045
1015,1 192 354,11,6.8856,1094,3045
1015,1 193 374,11,6.8856,1136,3045
1015,1 207 318,11,6.8856,1052,3045
1015,1 214 384,11,6.8856,1198,3045
1015,1 222 326,11,6.8856,1098,3045
1015,1 233 489,11,6.8856,1446,3045
1015,1 236 293,11,6.8856,1060,3045
1015,1 244 465,11,6.8856,1420,3045
1015,1 293 324,11,6.8856,1236,3045
1015,1 298 486,11,6.8856,1570,3045
1015,1 310 377,11,6.8856,1376,3045
1015,1 329 485,11,6.8856,1630,3045
1015,1 348 388,11,6.8856,1474,3045
1015,1 353 422,11,6.8856,1552,3045
1015,1 355 366,11,6.8856,1444,3045
1015,1 376 421,11,6.8856,1596,3045
1015,1 16 284,11,6.88757,602,3045
1015,1 23 390,11,6.88757,828,3045
1015,1 28 305,11,6.88757,668,3045
1015,1 31 201,11,6.88757,466,3045
1015,1 37 133,11,6.88757,342,3045
1015,1 45 236,11,6.88757,564,3045
1015,1 52 125,11,6.88757,356,3045
1015,1 54 333,11,6.88757,776,3045
1015,1 56 408,11,6.88757,930,3045
1015,1 59 131,11,6.88757,382,3045
1015,1 62 485,11,6.88757,1096,3045
1015,1 64 243,11,6.88757,616,3045
1015,1 83 115,11,6.88757,398,3045
1015,1 86 101,11,6.88757,376,3045
1015,1 87 200,11,6.88757,576,3045
1015,1 94 163,11,6.88757,516,3045
1015,1 100 488,11,6.88757,1178,3045
1015,1 102 378,11,6.88757,962,3045
1015,1 107 137,11,6.88757,490,3045
1015,1 111 432,11,6.88757,1088,3045
1015,1 112 372,11,6.88757,970,3045
1015,1 121 271,11,6.88757,786,3045
1015,1 133 194,11,6.88757,656,3045
1015,1 137 317,11,6.88757,910,3045
1015,1 150 462,11,6.88757,1226,3045
1015,1 151 321,11,6.88757,946,3045
1015,1 161 192,11,6.88757,708,3045
1015,1 163 186,11,6.88757,700,3045
1015,1 178 283,11,6.88757,924,3045
1015,1 191 332,11,6.88757,1048,3045
1015,1 205 442,11,6.88757,1296,3045
1015,1 205 462,11,6.88757,1336,3045
1015,1 206 449,11,6.88757,1312,3045
1015,1 236 444,11,6.88757,1362,3045
1015,1 242 472,11,6.88757,1430,3045
1015,1 260 304,11,6.88757,1130,3045
1015,1 261 345,11,6.88757,1214,3045
1015,1 267 390,11,6.88757,1316,3045
1015,1 268 281,11,6.88757,1100,3045
1015,1 308 361,11,6.88757,1340,3045
1015,1 353 370,11,6.88757,1448,3045
1015,1 355 498,11,6.88757,1708,3045
1015,1 373 419,11,6.88757,1586,3045
1015,1 18 415,11,6.88955,868,3045
1015,1 29 313,11,6.88955,686,3045
1015,1 35 185,11,6.88955,442,3045
1015,1 40 148,11,6.88955,378,3045
1015,1 44 201,11,6.88955,492,3045
1015,1 48 110,11,6.88955,318,3045
1015,1 48 114,11,6.88955,326,3045
1015,1 49 227,11,6.88955,554,3045
1015,1 53 276,11,6.88955,660,3045
1015,1 53 492,11,6.88955,1092,3045
1015,1 60 132,11,6.88955,386,3045
1015,1 62 80,11,6.88955,286,3045
1015,1 88 450,11,6.88955,1078,3045
1015,1 101 384,11,6.88955,972,3045
1015,1 112 313,11,6.88955,852,3045
1015,1 114 483,11,6.88955,1196,3045
1015,1 124 438,11,6.88955,1126,3045
1015,1 137 483,11,6.88955,1242,3045
1015,1 148 383,11,6.88955,1064,3045
1015,1 150 348,11,6.88955,998,3045
1015,1 163 441,11,6.88955,1210,3045
1015,1 165 442,11,6.88955,1216,3045
1015,1 173 305,11,6.88955,958,3045
1015,1 185 223,11,6.88955,818,3045
1015,1 218 317,11,6.88955,1072,3045
1015,1 221 373,11,6.88955,1190,3045
1015,1 227 493,11,6.88955,1442,3045
1015,1 232 270,11,6.88955,1006,3045
1015,1 236 433,11,6.88955,1340,3045
1015,1 262 324,11,6.88955,1174,3045
1015,1 262 366,11,6.88955,1258,3045
1015,1 269 443,11,6.88955,1426,3045
1015,1 276 343,11,6.88955,1240,3045
1015,1 282 305,11,6.88955,1176,3045
1015,1 283 387,11,6.88955,1342,3045
1015,1 305 376,11,6.88955,1364,3045
1015,1 333 486,11,6.88955,1640,3045
1015,1 346 489,11,6.88955,1672,3045
1015,1 354 383,11,6.88955,1476,3045
1015,1 15 233,11,6.89152,498,3045
1015,1 16 221,11,6.89152,476,3045
1015,1 16 272,11,6.89152,578,3045
1015,1 17 277,11,6.89152,590,3045
1015,1 17 444,11,6.89152,924,3045
1015,1 18 371,11,6.89152,780,3045
1015,1 20 174,11,6.89152,390,3045
1015,1 21 307,11,6.89152,658,3045
1015,1 25 239,11,6.89152,530,3045
1015,1 34 415,11,6.89152,900,3045
1015,1 42 271,11,6.89152,628,3045
1015,1 46 124,11,6.89152,342,3045
1015,1 50 165,11,6.89152,432,3045
1015,1 52 446,11,6.89152,998,3045
1015,1 53 117,11,6.89152,342,3045
1015,1 56 154,11,6.89152,422,3045
1015,1 57 102,11,6.89152,320,3045
1015,1 58 271,11,6.89152,660,3045
1015,1 61 437,11,6.89152,998,3045
1015,1 66 387,11,6.89152,908,3045
1015,1 67 285,11,6.89152,706,3045
1015,1 70 464,11,6.89152,1070,3045
1015,1 72 248,11,6.89152,642,3045
1015,1 72 332,11,6.89152,810,3045
1015,1 76 418,11,6.89152,990,3045
1015,1 77 282,11,6.89152,720,3045
1015,1 80 303,11,6.89152,768,3045
1015,1 85 438,11,6.89152,1048,3045
1015,1 89 295,11,6.89152,770,3045
1015,1 89 408,11,6.89152,996,3045
1015,1 95 327,11,6.89152,846,3045
1015,1 100 430,11,6.89152,1062,3045
1015,1 107 236,11,6.89152,688,3045
1015,1 107 416,11,6.89152,1048,3045
1015,1 110 491,11,6.89152,1204,3045
1015,1 121 347,11,6.89152,938,3045
1015,1 124 426,11,6.89152,1102,3045
1015,1 151 383,11,6.89152,1070,3045
1015,1 153 418,11,6.89152,1144,3045
1015,1 160 492,11,6.89152,1306,3045
1015,1 162 357,11,6.89152,1040,3045
1015,1 164 397,11,6.89152,1124,3045
1015,1 166 390,11,6.89152,1114,3045
1015,1 174 448,11,6.89152,1246,3045
1015,1 197 332,11,6.89152,1060,3045
1015,1 206 232,11,6.89152,878,3045
1015,1 206 483,11,6.89152,1380,3045
1015,1 209 460,11,6.89152,1340,3045
1015,1 214 230,11,6.89152,890,3045
1015,1 220 479,11,6.89152,1400,3045
1015,1 221 249,11,6.89152,942,3045
1015,1 225 431,11,6.89152,1314,3045
1015,1 229 437,11,6.89152,1334,3045
1015,1 237 486,11,6.89152,1448,3045
1015,1 245 372,11,6.89152,1236,3045
1015,1 246 345,11,6.89152,1184,3045
1015,1 257 431,11,6.89152,1378,3045
1015,1 260 395,11,6.89152,1312,3045
1015,1 262 305,11,6.89152,1136,3045
1015,1 262 471,11,6.89152,1468,3045
1015,1 274 481,11,6.89152,1512,3045
1015,1 305 318,11,6.89152,1248,3045
1015,1 312 492,11,6.89152,1610,3045
1015,1 320 388,11,6.89152,1418,3045
1015,1 331 444,11,6.89152,1552,3045
1015,1 344 480,11,6.89152,1650,3045
1015,1 14 281,11,6.89349,592,3045
1015,1 14 385,11,6.89349,800,3045
1015,1 16 280,11,6.89349,594,3045
1015,1 18 397,11,6.89349,832,3045
1015,1 33 187,11,6.89349,442,3045
1015,1 35 322,11,6.89349,716,3045
1015,1 38 239,11,6.89349,556,3045
1015,1 42 452,11,6.89349,990,3045
1015,1 45 148,11,6.89349,388,3045
1015,1 45 285,11,6.89349,662,3045
1015,1 48 130,11,6.89349,358,3045
1015,1 48 271,11,6.89349,640,3045
1015,1 53 413,11,6.89349,934,3045
1015,1 56 315,11,6.89349,744,3045
1015,1 57 487,11,6.89349,1090,3045
1015,1 58 220,11,6.89349,558,3045
1015,1 68 150,11,6.89349,438,3045
1015,1 75 250,11,6.89349,652,3045
1015,1 79 411,11,6.89349,982,3045
1015,1 89 205,11,6.89349,590,3045
1015,1 106 284,11,6.89349,782,3045
1015,1 107 149,11,6.89349,514,3045
1015,1 109 498,11,6.89349,1216,3045
1015,1 110 271,11,6.89349,764,3045
1015,1 115 247,11,6.89349,726,3045
1015,1 121 198,11,6.89349,640,3045
1015,1 123 344,11,6.89349,936,3045
1015,1 125 402,11,6.89349,1056,3045
1015,1 128 301,11,6.89349,860,3045
1015,1 138 311,11,6.89349,900,3045
1015,1 140 345,11,6.89349,972,3045
1015,1 142 228,11,6.89349,742,3045
1015,1 148 492,11,6.89349,1282,3045
1015,1 151 463,11,6.89349,1230,3045
1015,1 155 180,11,6.89349,672,3045
1015,1 161 220,11,6.89349,764,3045
1015,1 161 383,11,6.89349,1090,3045
1015,1 178 376,11,6.89349,1110,3045
1015,1 193 359,11,6.89349,1106,3045
1015,1 205 263,11,6.89349,938,3045
1015,1 206 262,11,6.89349,938,3045
1015,1 206 330,11,6.89349,1074,3045
1015,1 217 234,11,6.89349,904,3045
1015,1 218 280,11,6.89349,998,3045
1015,1 218 496,11,6.89349,1430,3045
1015,1 220 320,11,6.89349,1082,3045
1015,1 224 419,11,6.89349,1288,3045
1015,1 248 404,11,6.89349,1306,3045
1015,1 258 450,11,6.89349,1418,3045
1015,1 260 479,11,6.89349,1480,3045
1015,1 261 438,11,6.89349,1400,3045
1015,1 267 332,11,6.89349,1200,3045
1015,1 268 283,11,6.89349,1104,3045
1015,1 282 304,11,6.89349,1174,3045
1015,1 285 358,11,6.89349,1288,3045
1015,1 285 457,11,6.89349,1486,3045
1015,1 309 372,11,6.89349,1364,3045
1015,1 316 424,11,6.89349,1482,3045
1015,1 334 413,11,6.89349,1496,3045
1015,1 355 464,11,6.89349,1640,3045
1015,1 373 494,11,6.89349,1736,3045
1015,1 20 396,11,6.89546,834,3045
1015,1 27 404,11,6.89546,864,3045
1015,1 28 244,11,6.89546,546,3045
1015,1 36 241,11,6.89546,556,3045
1015,1 40 416,11,6.89546,914,3045
1015,1 42 474,11,6.89546,1034,3045
1015,1 43 206,11,6.89546,500,3045
1015,1 45 107,11,6.89546,306,3045
1015,1 52 118,11,6.89546,342,3045
1015,1 57 156,11,6.89546,428,3045
1015,1 58 264,11,6.89546,646,3045
1015,1 61 97,11,6.89546,318,3045
1015,1 61 410,11,6.89546,944,3045
1015,1 66 495,11,6.89546,1124,3045
1015,1 67 185,11,6.89546,506,3045
1015,1 77 327,11,6.89546,810,3045
1015,1 77 409,11,6.89546,974,3045
1015,1 88 304,11,6.89546,786,3045
1015,1 89 227,11,6.89546,634,3045
1015,1 101 231,11,6.89546,666,3045
1015,1 102 318,11,6.89546,842,3045
1015,1 104 133,11,6.89546,476,3045
1015,1 128 479,11,6.89546,1216,3045
1015,1 137 501,11,6.89546,1278,3045
1015,1 141 486,11,6.89546,1256,3045
1015,1 163 463,11,6.89546,1254,3045
1015,1 164 387,11,6.89546,1104,3045
1015,1 173 188,11,6.89546,724,3045
1015,1 176 408,11,6.89546,1170,3045
1015,1 185 449,11,6.89546,1270,3045
1015,1 201 259,11,6.89546,922,3045
1015,1 205 264,11,6.89546,940,3045
1015,1 219 236,11,6.89546,912,3045
1015,1 229 318,11,6.89546,1096,3045
1015,1 230 303,11,6.89546,1068,3045
1015,1 230 357,11,6.89546,1176,3045
1015,1 233 421,11,6.89546,1310,3045
1015,1 233 438,11,6.89546,1344,3045
1015,1 240 377,11,6.89546,1236,3045
1015,1 246 394,11,6.89546,1282,3045
1015,1 248 416,11,6.89546,1330,3045
1015,1 265 326,11,6.89546,1184,3045
1015,1 271 488,11,6.89546,1520,3045
1015,1 284 389,11,6.89546,1348,3045
1015,1 285 332,11,6.89546,1236,3045
1015,1 293 397,11,6.89546,1382,3045
1015,1 313 452,11,6.89546,1532,3045
1015,1 321 500,11,6.89546,1644,3045
1015,1 377 396,11,6.89546,1548,3045
1015,1 14 440,11,6.89744,910,3045
1015,1 19 297,11,6.89744,634,3045
1015,1 20 217,11,6.89744,476,3045
1015,1 21 277,11,6.89744,598,3045
1015,1 22 214,11,6.89744,474,3045
1015,1 24 464,11,6.89744,978,3045
1015,1 31 112,11,6.89744,288,3045
1015,1 34 265,11,6.89744,600,3045
1015,1 37 382,11,6.89744,840,3045
1015,1 54 491,11,6.89744,1092,3045
1015,1 59 101,11,6.89744,322,3045
1015,1 63 87,11,6.89744,302,3045
1015,1 66 93,11,6.89744,320,3045
1015,1 68 117,11,6.89744,372,3045
1015,1 73 89,11,6.89744,326,3045
1015,1 81 130,11,6.89744,424,3045
1015,1 85 404,11,6.89744,980,3045
1015,1 86 449,11,6.89744,1072,3045
1015,1 88 207,11,6.89744,592,3045
1015,1 89 246,11,6.89744,672,3045
1015,1 93 396,11,6.89744,980,3045
1015,1 94 479,11,6.89744,1148,3045
1015,1 101 120,11,6.89744,444,3045
1015,1 101 469,11,6.89744,1142,3045
1015,1 102 323,11,6.89744,852,3045
1015,1 110 368,11,6.89744,958,3045
1015,1 126 201,11,6.89744,656,3045
1015,1 128 460,11,6.89744,1178,3045
1015,1 131 462,11,6.89744,1188,3045
1015,1 137 446,11,6.89744,1168,3045
1015,1 150 176,11,6.89744,654,3045
1015,1 152 181,11,6.89744,668,3045
1015,1 155 452,11,6.89744,1216,3045
1015,1 158 357,11,6.89744,1032,3045
1015,1 163 382,11,6.89744,1092,3045
1015,1 166 408,11,6.89744,1150,3045
1015,1 173 286,11,6.89744,920,3045
1015,1 180 454,11,6.89744,1270,3045
1015,1 185 328,11,6.89744,1028,3045
1015,1 192 264,11,6.89744,914,3045
1015,1 201 240,11,6.89744,884,3045
1015,1 201 321,11,6.89744,1046,3045
1015,1 209 440,11,6.89744,1300,3045
1015,1 212 441,11,6.89744,1308,3045
1015,1 215 330,11,6.89744,1092,3045
1015,1 217 390,11,6.89744,1216,3045
1015,1 220 421,11,6.89744,1284,3045
1015,1 227 317,11,6.89744,1090,3045
1015,1 245 476,11,6.89744,1444,3045
1015,1 249 313,11,6.89744,1126,3045
1015,1 250 351,11,6.89744,1204,3045
1015,1 251 347,11,6.89744,1198,3045
1015,1 270 422,11,6.89744,1386,3045
1015,1 285 497,11,6.89744,1566,3045
1015,1 292 402,11,6.89744,1390,3045
1015,1 296 319,11,6.89744,1232,3045
1015,1 304 465,11,6.89744,1540,3045
1015,1 333 481,11,6.89744,1630,3045
1015,1 352 417,11,6.89744,1540,3045
1015,1 365 401,11,6.89744,1534,3045
1015,1 374 443,11,6.89744,1636,3045
1015,1 375 393,11,6.89744,1538,3045
1015,1 11 373,11,6.89941,770,3045
1015,1 13 220,11,6.89941,468,3045
1015,1 14 378,11,6.89941,786,3045
1015,1 14 442,11,6.89941,914,3045
1015,1 14 455,11,6.89941,940,3045
1015,1 16 373,11,6.89941,780,3045
1015,1 18 229,11,6.89941,496,3045
1015,1 21 300,11,6.89941,644,3045
1015,1 29 242,11,6.89941,544,3045
1015,1 38 481,11,6.89941,1040,3045
1015,1 43 98,11,6.89941,284,3045
1015,1 46 120,11,6.89941,334,3045
1015,1 59 432,11,6.89941,984,3045
1015,1 62 147,11,6.89941,420,3045
1015,1 66 301,11,6.89941,736,3045
1015,1 68 242,11,6.89941,622,3045
1015,1 68 283,11,6.89941,704,3045
1015,1 69 308,11,6.89941,756,3045
1015,1 74 208,11,6.89941,566,3045
1015,1 75 460,11,6.89941,1072,3045
1015,1 77 89,11,6.89941,334,3045
1015,1 78 95,11,6.89941,348,3045
1015,1 81 181,11,6.89941,526,3045
1015,1 86 403,11,6.89941,980,3045
1015,1 93 164,11,6.89941,516,3045
1015,1 96 332,11,6.89941,858,3045
1015,1 107 122,11,6.89941,460,3045
1015,1 118 399,11,6.89941,1036,3045
1015,1 121 311,11,6.89941,866,3045
1015,1 125 433,11,6.89941,1118,3045
1015,1 125 490,11,6.89941,1232,3045
1015,1 128 150,11,6.89941,558,3045
1015,1 135 331,11,6.89941,934,3045
1015,1 151 271,11,6.89941,846,3045
1015,1 155 218,11,6.89941,748,3045
1015,1 155 360,11,6.89941,1032,3045
1015,1 161 417,11,6.89941,1158,3045
1015,1 166 231,11,6.89941,796,3045
1015,1 167 444,11,6.89941,1224,3045
1015,1 177 190,11,6.89941,736,3045
1015,1 179 205,11,6.89941,770,3045
1015,1 179 286,11,6.89941,932,3045
1015,1 185 260,11,6.89941,892,3045
1015,1 187 388,11,6.89941,1152,3045
1015,1 205 240,11,6.89941,892,3045
1015,1 205 452,11,6.89941,1316,3045
1015,1 206 359,11,6.89941,1132,3045
1015,1 214 301,11,6.89941,1032,3045
1015,1 220 240,11,6.89941,922,3045
1015,1 220 499,11,6.89941,1440,3045
1015,1 249 327,11,6.89941,1154,3045
1015,1 266 446,11,6.89941,1426,3045
1015,1 273 443,11,6.89941,1434,3045
1015,1 282 382,11,6.89941,1330,3045
1015,1 283 468,11,6.89941,1504,3045
1015,1 305 367,11,6.89941,1346,3045
1015,1 343 479,11,6.89941,1646,3045
1015,1 345 469,11,6.89941,1630,3045
1015,1 348 432,11,6.89941,1562,3045
1015,1 369 403,11,6.89941,1546,3045
1015,1 378 456,11,6.89941,1670,3045
1015,1 11 230,11,6.90138,484,3045
1015,1 12 282,11,6.90138,590,3045
1015,1 18 216,11,6.90138,470,3045
1015,1 21 134,11,6.90138,312,3045
1015,1 24 129,11,6.90138,308,3045
1015,1 24 455,11,6.90138,960,3045
1015,1 29 266,11,6.90138,592,3045
1015,1 35 116,11,6.90138,304,3045
1015,1 35 129,11,6.90138,330,3045
1015,1 36 319,11,6.90138,712,3045
1015,1 53 121,11,6.90138,350,3045
1015,1 54 87,11,6.90138,284,3045
1015,1 54 175,11,6.90138,460,3045
1015,1 54 233,11,6.90138,576,3045
1015,1 58 94,11,6.90138,306,3045
1015,1 60 311,11,6.90138,744,3045
1015,1 65 83,11,6.90138,298,3045
1015,1 67 82,11,6.90138,300,3045
1015,1 68 87,11,6.90138,312,3045
1015,1 71 299,11,6.90138,742,3045
1015,1 74 281,11,6.90138,712,3045
1015,1 83 318,11,6.90138,804,3045
1015,1 94 210,11,6.90138,610,3045
1015,1 94 428,11,6.90138,1046,3045
1015,1 96 429,11,6.90138,1052,3045
1015,1 101 320,11,6.90138,844,3045
1015,1 101 332,11,6.90138,868,3045
1015,1 103 179,11,6.90138,566,3045
1015,1 103 433,11,6.90138,1074,3045
1015,1 105 440,11,6.90138,1092,3045
1015,1 106 179,11,6.90138,572,3045
1015,1 107 358,11,6.90138,932,3045
1015,1 112 246,11,6.90138,718,3045
1015,1 114 499,11,6.90138,1228,3045
1015,1 117 151,11,6.90138,538,3045
1015,1 117 287,11,6.90138,810,3045
1015,1 117 305,11,6.90138,846,3045
1015,1 119 347,11,6.90138,934,3045
1015,1 121 280,11,6.90138,804,3045
1015,1 124 218,11,6.90138,686,3045
1015,1 126 343,11,6.90138,940,3045
1015,1 141 319,11,6.90138,922,3045
1015,1 142 390,11,6.90138,1066,3045
1015,1 147 186,11,6.90138,668,3045
1015,1 151 350,11,6.90138,1004,3045
1015,1 160 193,11,6.90138,708,3045
1015,1 171 471,11,6.90138,1286,3045
1015,1 182 491,11,6.90138,1348,3045
1015,1 184 389,11,6.90138,1148,3045
1015,1 189 234,11,6.90138,848,3045
1015,1 191 343,11,6.90138,1070,3045
1015,1 196 334,11,6.90138,1062,3045
1015,1 201 258,11,6.90138,920,3045
1015,1 201 375,11,6.90138,1154,3045
1015,1 210 324,11,6.90138,1070,3045
1015,1 215 355,11,6.90138,1142,3045
1015,1 221 473,11,6.90138,1390,3045
1015,1 225 359,11,6.90138,1170,3045
1015,1 236 458,11,6.90138,1390,3045
1015,1 245 354,11,6.90138,1200,3045
1015,1 275 347,11,6.90138,1246,3045
1015,1 276 316,11,6.90138,1186,3045
1015,1 280 495,11,6.90138,1552,3045
1015,1 296 315,11,6.90138,1224,3045
1015,1 296 386,11,6.90138,1366,3045
1015,1 299 315,11,6.90138,1230,3045
1015,1 303 486,11,6.90138,1580,3045
1015,1 347 383,11,6.90138,1462,3045
1015,1 356 371,11,6.90138,1456,3045
1015,1 368 499,11,6.90138,1736,3045
1015,1 369 390,11,6.90138,1520,3045
1015,1 16 122,11,6.90335,278,3045
1015,1 16 395,11,6.90335,824,3045
1015,1 24 111,11,6.90335,272,3045
1015,1 30 304,11,6.90335,670,3045
1015,1 33 219,11,6.90335,506,3045
1015,1 35 449,11,6.90335,970,3045
1015,1 36 354,11,6.90335,782,3045
1015,1 47 104,11,6.90335,304,3045
1015,1 50 310,11,6.90335,722,3045
1015,1 55 189,11,6.90335,490,3045
1015,1 57 98,11,6.90335,312,3045
1015,1 59 344,11,6.90335,808,3045
1015,1 60 404,11,6.90335,930,3045
1015,1 64 494,11,6.90335,1118,3045
1015,1 67 108,11,6.90335,352,3045
1015,1 70 154,11,6.90335,450,3045
1015,1 70 321,11,6.90335,784,3045
1015,1 75 97,11,6.90335,346,3045
1015,1 77 343,11,6.90335,842,3045
1015,1 86 149,11,6.90335,472,3045
1015,1 87 100,11,6.90335,376,3045
1015,1 88 215,11,6.90335,608,3045
1015,1 104 380,11,6.90335,970,3045
1015,1 109 239,11,6.90335,698,3045
1015,1 116 190,11,6.90335,614,3045
1015,1 116 286,11,6.90335,806,3045
1015,1 123 468,11,6.90335,1184,3045
1015,1 125 230,11,6.90335,712,3045
1015,1 129 335,11,6.90335,930,3045
1015,1 130 225,11,6.90335,712,3045
1015,1 135 349,11,6.90335,970,3045
1015,1 141 179,11,6.90335,642,3045
1015,1 152 365,11,6.90335,1036,3045
1015,1 153 495,11,6.90335,1298,3045
1015,1 158 399,11,6.90335,1116,3045
1015,1 167 241,11,6.90335,818,3045
1015,1 173 360,11,6.90335,1068,3045
1015,1 177 450,11,6.90335,1256,3045
1015,1 181 319,11,6.90335,1002,3045
1015,1 207 445,11,6.90335,1306,3045
1015,1 208 283,11,6.90335,984,3045
1015,1 212 343,11,6.90335,1112,3045
1015,1 215 444,11,6.90335,1320,3045
1015,1 224 312,11,6.90335,1074,3045
1015,1 244 303,11,6.90335,1096,3045
1015,1 244 355,11,6.90335,1200,3045
1015,1 257 287,11,6.90335,1090,3045
1015,1 262 370,11,6.90335,1266,3045
1015,1 272 355,11,6.90335,1256,3045
1015,1 293 355,11,6.90335,1298,3045
1015,1 295 367,11,6.90335,1326,3045
1015,1 296 376,11,6.90335,1346,3045
1015,1 299 320,11,6.90335,1240,3045
1015,1 301 463,11,6.90335,1530,3045
1015,1 319 410,11,6.90335,1460,3045
1015,1 324 499,11,6.90335,1648,3045
1015,1 349 425,11,6.90335,1550,3045
1015,1 355 492,11,6.90335,1696,3045
1015,1 373 444,11,6.90335,1636,3045
1015,1 18 194,11,6.90533,426,3045
1015,1 18 390,11,6.90533,818,3045
1015,1 23 147,11,6.90533,342,3045
1015,1 23 373,11,6.90533,794,3045
1015,1 24 134,11,6.90533,318,3045
1015,1 27 180,11,6.90533,416,3045
1015,1 35 390,11,6.90533,852,3045
1015,1 36 154,11,6.90533,382,3045
1015,1 41 280,11,6.90533,644,3045
1015,1 42 279,11,6.90533,644,3045
1015,1 46 198,11,6.90533,490,3045
1015,1 47 112,11,6.90533,320,3045
1015,1 51 117,11,6.90533,338,3045
1015,1 53 190,11,6.90533,488,3045
1015,1 57 304,11,6.90533,724,3045
1015,1 58 139,11,6.90533,396,3045
1015,1 58 258,11,6.90533,634,3045
1015,1 58 314,11,6.90533,746,3045
1015,1 62 199,11,6.90533,524,3045
1015,1 72 487,11,6.90533,1120,3045
1015,1 73 352,11,6.90533,852,3045
1015,1 77 174,11,6.90533,504,3045
1015,1 77 297,11,6.90533,750,3045
1015,1 79 296,11,6.90533,752,3045
1015,1 80 221,11,6.90533,604,3045
1015,1 82 225,11,6.90533,616,3045
1015,1 84 108,11,6.90533,386,3045
1015,1 91 107,11,6.90533,398,3045
1015,1 93 251,11,6.90533,690,3045
1015,1 99 315,11,6.90533,830,3045
1015,1 102 282,11,6.90533,770,3045
1015,1 109 315,11,6.90533,850,3045
1015,1 109 351,11,6.90533,922,3045
1015,1 110 497,11,6.90533,1216,3045
1015,1 124 230,11,6.90533,710,3045
1015,1 126 353,11,6.90533,960,3045
1015,1 132 212,11,6.90533,690,3045
1015,1 141 399,11,6.90533,1082,3045
1015,1 142 234,11,6.90533,754,3045
1015,1 147 270,11,6.90533,836,3045
1015,1 149 245,11,6.90533,790,3045
1015,1 149 481,11,6.90533,1262,3045
1015,1 158 459,11,6.90533,1236,3045
1015,1 165 232,11,6.90533,796,3045
1015,1 188 345,11,6.90533,1068,3045
1015,1 193 502,11,6.90533,1392,3045
1015,1 210 445,11,6.90533,1312,3045
1015,1 211 273,11,6.90533,970,3045
1015,1 223 429,11,6.90533,1306,3045
1015,1 238 332,11,6.90533,1142,3045
1015,1 243 319,11,6.90533,1126,3045
1015,1 243 461,11,6.90533,1410,3045
1015,1 249 454,11,6.90533,1408,3045
1015,1 258 285,11,6.90533,1088,3045
1015,1 267 413,11,6.90533,1362,3045
1015,1 269 292,11,6.90533,1124,3045
1015,1 277 334,11,6.90533,1224,3045
1015,1 281 353,11,6.90533,1270,3045
1015,1 282 360,11,6.90533,1286,3045
1015,1 283 419,11,6.90533,1406,3045
1015,1 297 366,11,6.90533,1328,3045
1015,1 301 352,11,6.90533,1308,3045
1015,1 310 383,11,6.90533,1388,3045
1015,1 317 404,11,6.90533,1444,3045
1015,1 322 385,11,6.90533,1416,3045
1015,1 331 437,11,6.90533,1538,3045
1015,1 333 463,11,6.90533,1594,3045
1015,1 347 442,11,6.90533,1580,3045
1015,1 348 472,11,6.90533,1642,3045
1015,1 356 424,11,6.90533,1562,3045
1015,1 358 464,11,6.90533,1646,3045
1015,1 358 485,11,6.90533,1688,3045
1015,1 361 408,11,6.90533,1540,3045
1015,1 371 498,11,6.90533,1740,3045
1015,1 382 472,11,6.90533,1710,3045
1015,1 13 445,11,6.9073,918,3045
1015,1 18 212,11,6.9073,462,3045
1015,1 24 154,11,6.9073,358,3045
1015,1 27 306,11,6.9073,668,3045
1015,1 34 215,11,6.9073,500,3045
1015,1 38 128,11,6.9073,334,3045
1015,1 40 130,11,6.9073,342,3045
1015,1 41 437,11,6.9073,958,3045
1015,1 45 251,11,6.9073,594,3045
1015,1 70 482,11,6.9073,1106,3045
1015,1 72 93,11,6.9073,332,3045
1015,1 75 408,11,6.9073,968,3045
1015,1 78 200,11,6.9073,558,3045
1015,1 79 452,11,6.9073,1064,3045
1015,1 81 261,11,6.9073,686,3045
1015,1 82 100,11,6.9073,366,3045
1015,1 84 307,11,6.9073,784,3045
1015,1 91 296,11,6.9073,776,3045
1015,1 99 382,11,6.9073,964,3045
1015,1 101 282,11,6.9073,768,3045
1015,1 102 470,11,6.9073,1146,3045
1015,1 116 401,11,6.9073,1036,3045
1015,1 116 502,11,6.9073,1238,3045
1015,1 125 458,11,6.9073,1168,3045
1015,1 128 165,11,6.9073,588,3045
1015,1 130 214,11,6.9073,690,3045
1015,1 136 388,11,6.9073,1050,3045
1015,1 136 447,11,6.9073,1168,3045
1015,1 147 394,11,6.9073,1084,3045
1015,1 153 447,11,6.9073,1202,3045
1015,1 158 201,11,6.9073,720,3045
1015,1 162 413,11,6.9073,1152,3045
1015,1 164 305,11,6.9073,940,3045
1015,1 166 265,11,6.9073,864,3045
1015,1 175 304,11,6.9073,960,3045
1015,1 175 366,11,6.9073,1084,3045
1015,1 177 411,11,6.9073,1178,3045
1015,1 179 385,11,6.9073,1130,3045
1015,1 187 424,11,6.9073,1224,3045
1015,1 188 327,11,6.9073,1032,3045
1015,1 190 229,11,6.9073,840,3045
1015,1 200 491,11,6.9073,1384,3045
1015,1 209 275,11,6.9073,970,3045
1015,1 216 272,11,6.9073,978,3045
1015,1 232 476,11,6.9073,1418,3045
1015,1 240 397,11,6.9073,1276,3045
1015,1 243 306,11,6.9073,1100,3045
1015,1 246 480,11,6.9073,1454,3045
1015,1 248 365,11,6.9073,1228,3045
1015,1 250 322,11,6.9073,1146,3045
1015,1 269 385,11,6.9073,1310,3045
1015,1 277 348,11,6.9073,1252,3045
1015,1 280 499,11,6.9073,1560,3045
1015,1 284 482,11,6.9073,1534,3045
1015,1 302 472,11,6.9073,1550,3045
1015,1 302 484,11,6.9073,1574,3045
1015,1 343 389,11,6.9073,1466,3045
1015,1 350 404,11,6.9073,1510,3045
1015,1 367 398,11,6.9073,1532,3045
1015,1 13 186,11,6.90927,400,3045
1015,1 14 388,11,6.90927,806,3045
1015,1 16 276,11,6.90927,586,3045
1015,1 18 299,11,6.90927,636,3045
1015,1 19 158,11,6.90927,356,3045
1015,1 28 265,11,6.90927,588,3045
1015,1 29 156,11,6.90927,372,3045
1015,1 29 325,11,6.90927,710,3045
1015,1 32 212,11,6.90927,490,3045
1015,1 36 165,11,6.90927,404,3045
1015,1 38 477,11,6.90927,1032,3045
1015,1 40 306,11,6.90927,694,3045
1015,1 42 315,11,6.90927,716,3045
1015,1 46 410,11,6.90927,914,3045
1015,1 50 361,11,6.90927,824,3045
1015,1 51 166,11,6.90927,436,3045
1015,1 58 308,11,6.90927,734,3045
1015,1 59 305,11,6.90927,730,3045
1015,1 59 322,11,6.90927,764,3045
1015,1 71 322,11,6.90927,788,3045
1015,1 73 282,11,6.90927,712,3045
1015,1 75 193,11,6.90927,538,3045
1015,1 76 324,11,6.90927,802,3045
1015,1 78 298,11,6.90927,754,3045
1015,1 79 360,11,6.90927,880,3045
1015,1 80 141,11,6.90927,444,3045
1015,1 83 263,11,6.90927,694,3045
1015,1 84 475,11,6.90927,1120,3045
1015,1 86 160,11,6.90927,494,3045
1015,1 86 287,11,6.90927,748,3045
1015,1 90 319,11,6.90927,820,3045
1015,1 95 359,11,6.90927,910,3045
1015,1 100 121,11,6.90927,444,3045
1015,1 101 428,11,6.90927,1060,3045
1015,1 110 311,11,6.90927,844,3045
1015,1 112 251,11,6.90927,728,3045
1015,1 114 206,11,6.90927,642,3045
1015,1 121 187,11,6.90927,618,3045
1015,1 125 151,11,6.90927,554,3045
1015,1 129 292,11,6.90927,844,3045
1015,1 133 461,11,6.90927,1190,3045
1015,1 136 365,11,6.90927,1004,3045
1015,1 142 500,11,6.90927,1286,3045
1015,1 151 183,11,6.90927,670,3045
1015,1 156 414,11,6.90927,1142,3045
1015,1 160 297,11,6.90927,916,3045
1015,1 161 493,11,6.90927,1310,3045
1015,1 179 402,11,6.90927,1164,3045
1015,1 183 490,11,6.90927,1348,3045
1015,1 185 236,11,6.90927,844,3045
1015,1 185 441,11,6.90927,1254,3045
1015,1 191 453,11,6.90927,1290,3045
1015,1 194 450,11,6.90927,1290,3045
1015,1 199 461,11,6.90927,1322,3045
1015,1 200 330,11,6.90927,1062,3045
1015,1 201 247,11,6.90927,898,3045
1015,1 214 251,11,6.90927,932,3045
1015,1 222 374,11,6.90927,1194,3045
1015,1 225 420,11,6.90927,1292,3045
1015,1 227 495,11,6.90927,1446,3045
1015,1 258 308,11,6.90927,1134,3045
1015,1 271 444,11,6.90927,1432,3045
1015,1 280 477,11,6.90927,1516,3045
1015,1 300 331,11,6.90927,1264,3045
1015,1 313 360,11,6.90927,1348,3045
1015,1 319 501,11,6.90927,1642,3045
1015,1 327 497,11,6.90927,1650,3045
1015,1 352 495,11,6.90927,1696,3045
1015,1 354 501,11,6.90927,1712,3045
1015,1 358 371,11,6.90927,1460,3045
1015,1 372 499,11,6.90927,1744,3045
1015,1 13 229,11,6.91124,486,3045
1015,1 15 445,11,6.91124,922,3045
1015,1 16 232,11,6.91124,498,3045
1015,1 16 236,11,6.91124,506,3045
1015,1 21 218,11,6.91124,480,3045
1015,1 26 368,11,6.91124,790,3045
1015,1 31 226,11,6.91124,516,3045
1015,1 34 446,11,6.91124,962,3045
1015,1 38 99,11,6.91124,276,3045
1015,1 38 442,11,6.91124,962,3045
1015,1 39 142,11,6.91124,364,3045
1015,1 41 472,11,6.91124,1028,3045
1015,1 42 433,11,6.91124,952,3045
1015,1 44 115,11,6.91124,320,3045
1015,1 46 313,11,6.91124,720,3045
1015,1 49 211,11,6.91124,522,3045
1015,1 50 86,11,6.91124,274,3045
1015,1 51 122,11,6.91124,348,3045
1015,1 59 95,11,6.91124,310,3045
1015,1 62 326,11,6.91124,778,3045
1015,1 62 364,11,6.91124,854,3045
1015,1 63 280,11,6.91124,688,3045
1015,1 65 105,11,6.91124,342,3045
1015,1 66 174,11,6.91124,482,3045
1015,1 66 214,11,6.91124,562,3045
1015,1 66 351,11,6.91124,836,3045
1015,1 70 159,11,6.91124,460,3045
1015,1 72 185,11,6.91124,516,3045
1015,1 73 331,11,6.91124,810,3045
1015,1 78 408,11,6.91124,974,3045
1015,1 82 199,11,6.91124,564,3045
1015,1 84 484,11,6.91124,1138,3045
1015,1 91 261,11,6.91124,706,3045
1015,1 98 419,11,6.91124,1036,3045
1015,1 102 164,11,6.91124,534,3045
1015,1 104 126,11,6.91124,462,3045
1015,1 104 220,11,6.91124,650,3045
1015,1 105 125,11,6.91124,462,3045
1015,1 109 185,11,6.91124,590,3045
1015,1 115 244,11,6.91124,720,3045
1015,1 120 466,11,6.91124,1174,3045
1015,1 120 495,11,6.91124,1232,3045
1015,1 121 213,11,6.91124,670,3045
1015,1 126 183,11,6.91124,620,3045
1015,1 126 216,11,6.91124,686,3045
1015,1 128 219,11,6.91124,696,3045
1015,1 129 179,11,6.91124,618,3045
1015,1 131 171,11,6.91124,606,3045
1015,1 133 281,11,6.91124,830,3045
1015,1 133 413,11,6.91124,1094,3045
1015,1 140 466,11,6.91124,1214,3045
1015,1 149 160,11,6.91124,620,3045
1015,1 151 317,11,6.91124,938,3045
1015,1 159 205,11,6.91124,730,3045
1015,1 166 209,11,6.91124,752,3045
1015,1 174 284,11,6.91124,918,3045
1015,1 177 494,11,6.91124,1344,3045
1015,1 184 256,11,6.91124,882,3045
1015,1 185 482,11,6.91124,1336,3045
1015,1 187 243,11,6.91124,862,3045
1015,1 187 439,11,6.91124,1254,3045
1015,1 193 422,11,6.91124,1232,3045
1015,1 205 346,11,6.91124,1104,3045
1015,1 208 458,11,6.91124,1334,3045
1015,1 217 477,11,6.91124,1390,3045
1015,1 224 320,11,6.91124,1090,3045
1015,1 227 292,11,6.91124,1040,3045
1015,1 236 446,11,6.91124,1366,3045
1015,1 239 444,11,6.91124,1368,3045
1015,1 241 398,11,6.91124,1280,3045
1015,1 244 294,11,6.91124,1078,3045
1015,1 245 415,11,6.91124,1322,3045
1015,1 248 464,11,6.91124,1426,3045
1015,1 250 439,11,6.91124,1380,3045
1015,1 257 359,11,6.91124,1234,3045
1015,1 258 311,11,6.91124,1140,3045
1015,1 274 287,11,6.91124,1124,3045
1015,1 274 299,11,6.91124,1148,3045
1015,1 279 476,11,6.91124,1512,3045
1015,1 295 352,11,6.91124,1296,3045
1015,1 297 325,11,6.91124,1246,3045
1015,1 300 326,11,6.91124,1254,3045
1015,1 305 489,11,6.91124,1590,3045
1015,1 312 358,11,6.91124,1342,3045
1015,1 325 439,11,6.91124,1530,3045
1015,1 326 390,11,6.91124,1434,3045
1015,1 333 467,11,6.91124,1602,3045
1015,1 344 486,11,6.91124,1662,3045
1015,1 355 437,11,6.91124,1586,3045
1015,1 367 387,11,6.91124,1510,3045
1015,1 376 438,11,6.91124,1630,3045
1015,1 19 123,11,6.91321,286,3045
1015,1 26 146,11,6.91321,346,3045
1015,1 26 291,11,6.91321,636,3045
1015,1 30 322,11,6.91321,706,3045
1015,1 33 388,11,6.91321,844,3045
1015,1 35 153,11,6.91321,378,3045
1015,1 39 184,11,6.91321,448,3045
1015,1 39 396,11,6.91321,872,3045
1015,1 41 459,11,6.91321,1002,3045
1015,1 47 107,11,6.91321,310,3045
1015,1 51 175,11,6.91321,454,3045
1015,1 65 92,11,6.91321,316,3045
1015,1 65 142,11,6.91321,416,3045
1015,1 70 319,11,6.91321,780,3045
1015,1 72 228,11,6.91321,602,3045
1015,1 75 241,11,6.91321,634,3045
1015,1 77 124,11,6.91321,404,3045
1015,1 85 385,11,6.91321,942,3045
1015,1 93 211,11,6.91321,610,3045
1015,1 99 234,11,6.91321,668,3045
1015,1 100 176,11,6.91321,554,3045
1015,1 100 342,11,6.91321,886,3045
1015,1 101 349,11,6.91321,902,3045
1015,1 104 432,11,6.91321,1074,3045
1015,1 106 184,11,6.91321,582,3045
1015,1 106 474,11,6.91321,1162,3045
1015,1 108 391,11,6.91321,1000,3045
1015,1 112 130,11,6.91321,486,3045
1015,1 114 201,11,6.91321,632,3045
1015,1 116 294,11,6.91321,822,3045
1015,1 119 144,11,6.91321,528,3045
1015,1 119 289,11,6.91321,818,3045
1015,1 136 420,11,6.91321,1114,3045
1015,1 138 157,11,6.91321,592,3045
1015,1 138 214,11,6.91321,706,3045
1015,1 144 171,11,6.91321,632,3045
1015,1 146 264,11,6.91321,822,3045
1015,1 150 370,11,6.91321,1042,3045
1015,1 152 244,11,6.91321,794,3045
1015,1 166 437,11,6.91321,1208,3045
1015,1 171 436,11,6.91321,1216,3045
1015,1 176 226,11,6.91321,806,3045
1015,1 181 267,11,6.91321,898,3045
1015,1 185 219,11,6.91321,810,3045
1015,1 193 365,11,6.91321,1118,3045
1015,1 196 378,11,6.91321,1150,3045
1015,1 197 498,11,6.91321,1392,3045
1015,1 199 315,11,6.91321,1030,3045
1015,1 206 278,11,6.91321,970,3045
1015,1 207 242,11,6.91321,900,3045
1015,1 221 238,11,6.91321,920,3045
1015,1 228 271,11,6.91321,1000,3045
1015,1 234 485,11,6.91321,1440,3045
1015,1 237 286,11,6.91321,1048,3045
1015,1 256 396,11,6.91321,1306,3045
1015,1 264 421,11,6.91321,1372,3045
1015,1 264 434,11,6.91321,1398,3045
1015,1 272 385,11,6.91321,1316,3045
1015,1 276 349,11,6.91321,1252,3045
1015,1 279 443,11,6.91321,1446,3045
1015,1 289 316,11,6.91321,1212,3045
1015,1 291 409,11,6.91321,1402,3045
1015,1 304 320,11,6.91321,1250,3045
1015,1 306 385,11,6.91321,1384,3045
1015,1 315 399,11,6.91321,1430,3045
1015,1 316 436,11,6.91321,1506,3045
1015,1 320 497,11,6.91321,1636,3045
1015,1 327 374,11,6.91321,1404,3045
1015,1 329 396,11,6.91321,1452,3045
1015,1 329 474,11,6.91321,1608,3045
1015,1 332 379,11,6.91321,1424,3045
1015,1 334 410,11,6.91321,1490,3045
1015,1 334 429,11,6.91321,1528,3045
1015,1 365 500,11,6.91321,1732,3045
1015,1 375 404,11,6.91321,1560,3045
1015,1 382 417,11,6.91321,1600,3045
1015,1 14 308,11,6.91519,646,3045
1015,1 17 215,11,6.91519,466,3045
1015,1 19 161,11,6.91519,362,3045
1015,1 20 271,11,6.91519,584,3045
1015,1 21 430,11,6.91519,904,3045
1015,1 25 232,11,6.91519,516,3045
1015,1 28 189,11,6.91519,436,3045
1015,1 35 380,11,6.91519,832,3045
1015,1 45 205,11,6.91519,502,3045
1015,1 45 215,11,6.91519,522,3045
1015,1 50 81,11,6.91519,264,3045
1015,1 60 206,11,6.91519,534,3045
1015,1 60 342,11,6.91519,806,3045
1015,1 62 98,11,6.91519,322,3045
1015,1 69 179,11,6.91519,498,3045
1015,1 75 130,11,6.91519,412,3045
1015,1 79 499,11,6.91519,1158,3045
1015,1 84 194,11,6.91519,558,3045
1015,1 87 360,11,6.91519,896,3045
1015,1 88 431,11,6.91519,1040,3045
1015,1 89 501,11,6.91519,1182,3045
1015,1 92 445,11,6.91519,1076,3045
1015,1 100 285,11,6.91519,772,3045
1015,1 106 467,11,6.91519,1148,3045
1015,1 110 366,11,6.91519,954,3045
1015,1 121 158,11,6.91519,560,3045
1015,1 125 220,11,6.91519,692,3045
1015,1 126 361,11,6.91519,976,3045
1015,1 136 392,11,6.91519,1058,3045
1015,1 136 482,11,6.91519,1238,3045
1015,1 138 260,11,6.91519,798,3045
1015,1 142 493,11,6.91519,1272,3045
1015,1 151 502,11,6.91519,1308,3045
1015,1 153 266,11,6.91519,840,3045
1015,1 155 269,11,6.91519,850,3045
1015,1 156 326,11,6.91519,966,3045
1015,1 159 354,11,6.91519,1028,3045
1015,1 167 471,11,6.91519,1278,3045
1015,1 171 384,11,6.91519,1112,3045
1015,1 173 468,11,6.91519,1284,3045
1015,1 179 426,11,6.91519,1212,3045
1015,1 180 195,11,6.91519,752,3045
1015,1 182 306,11,6.91519,978,3045
1015,1 182 317,11,6.91519,1000,3045
1015,1 184 394,11,6.91519,1158,3045
1015,1 193 261,11,6.91519,910,3045
1015,1 200 373,11,6.91519,1148,3045
1015,1 211 450,11,6.91519,1324,3045
1015,1 212 277,11,6.91519,980,3045
1015,1 213 248,11,6.91519,924,3045
1015,1 228 410,11,6.91519,1278,3045
1015,1 238 277,11,6.91519,1032,3045
1015,1 240 283,11,6.91519,1048,3045
1015,1 249 324,11,6.91519,1148,3045
1015,1 250 401,11,6.91519,1304,3045
1015,1 265 283,11,6.91519,1098,3045
1015,1 265 417,11,6.91519,1366,3045
1015,1 272 287,11,6.91519,1120,3045
1015,1 274 326,11,6.91519,1202,3045
1015,1 279 310,11,6.91519,1180,3045
1015,1 285 400,11,6.91519,1372,3045
1015,1 287 371,11,6.91519,1318,3045
1015,1 294 333,11,6.91519,1256,3045
1015,1 294 502,11,6.91519,1594,3045
1015,1 301 371,11,6.91519,1346,3045
1015,1 306 317,11,6.91519,1248,3045
1015,1 316 397,11,6.91519,1428,3045
1015,1 329 374,11,6.91519,1408,3045
1015,1 329 442,11,6.91519,1544,3045
1015,1 333 398,11,6.91519,1464,3045
1015,1 345 443,11,6.91519,1578,3045
1015,1 371 485,11,6.91519,1714,3045
1015,1 373 390,11,6.91519,1528,3045
1015,1 14 152,11,6.91716,334,3045
1015,1 18 311,11,6.91716,660,3045
1015,1 19 186,11,6.91716,412,3045
1015,1 21 138,11,6.91716,320,3045
1015,1 26 276,11,6.91716,606,3045
1015,1 27 172,11,6.91716,400,3045
1015,1 28 285,11,6.91716,628,3045
1015,1 31 142,11,6.91716,348,3045
1015,1 33 207,11,6.91716,482,3045
1015,1 39 401,11,6.91716,882,3045
1015,1 40 229,11,6.91716,540,3045
1015,1 40 434,11,6.91716,950,3045
1015,1 43 436,11,6.91716,960,3045
1015,1 48 163,11,6.91716,424,3045
1015,1 50 112,11,6.91716,326,3045
1015,1 52 383,11,6.91716,872,3045
1015,1 53 289,11,6.91716,686,3045
1015,1 59 152,11,6.91716,424,3045
1015,1 65 244,11,6.91716,620,3045
1015,1 68 297,11,6.91716,732,3045
1015,1 71 91,11,6.91716,326,3045
1015,1 79 403,11,6.91716,966,3045
1015,1 80 493,11,6.91716,1148,3045
1015,1 81 114,11,6.91716,392,3045
1015,1 85 328,11,6.91716,828,3045
1015,1 86 123,11,6.91716,420,3045
1015,1 90 156,11,6.91716,494,3045
1015,1 90 393,11,6.91716,968,3045
1015,1 93 238,11,6.91716,664,3045
1015,1 100 375,11,6.91716,952,3045
1015,1 104 345,11,6.91716,900,3045
1015,1 107 193,11,6.91716,602,3045
1015,1 114 242,11,6.91716,714,3045
1015,1 115 308,11,6.91716,848,3045
1015,1 117 440,11,6.91716,1116,3045
1015,1 118 317,11,6.91716,872,3045
1015,1 131 332,11,6.91716,928,3045
1015,1 137 486,11,6.91716,1248,3045
1015,1 140 334,11,6.91716,950,3045
1015,1 144 188,11,6.91716,666,3045
1015,1 144 475,11,6.91716,1240,3045
1015,1 144 488,11,6.91716,1266,3045
1015,1 146 343,11,6.91716,980,3045
1015,1 146 392,11,6.91716,1078,3045
1015,1 147 207,11,6.91716,710,3045
1015,1 148 236,11,6.91716,770,3045
1015,1 160 301,11,6.91716,924,3045
1015,1 164 470,11,6.91716,1270,3045
1015,1 172 487,11,6.91716,1320,3045
1015,1 183 354,11,6.91716,1076,3045
1015,1 191 431,11,6.91716,1246,3045
1015,1 197 487,11,6.91716,1370,3045
1015,1 198 276,11,6.91716,950,3045
1015,1 198 436,11,6.91716,1270,3045
1015,1 198 454,11,6.91716,1306,3045
1015,1 217 239,11,6.91716,914,3045
1015,1 228 287,11,6.91716,1032,3045
1015,1 231 269,11,6.91716,1002,3045
1015,1 231 305,11,6.91716,1074,3045
1015,1 234 280,11,6.91716,1030,3045
1015,1 237 291,11,6.91716,1058,3045
1015,1 247 434,11,6.91716,1364,3045
1015,1 248 482,11,6.91716,1462,3045
1015,1 249 398,11,6.91716,1296,3045
1015,1 250 289,11,6.91716,1080,3045
1015,1 263 462,11,6.91716,1452,3045
1015,1 282 412,11,6.91716,1390,3045
1015,1 289 478,11,6.91716,1536,3045
1015,1 291 333,11,6.91716,1250,3045
1015,1 291 395,11,6.91716,1374,3045
1015,1 301 350,11,6.91716,1304,3045
1015,1 301 366,11,6.91716,1336,3045
1015,1 324 422,11,6.91716,1494,3045
1015,1 330 436,11,6.91716,1534,3045
1015,1 344 462,11,6.91716,1614,3045
1015,1 347 430,11,6.91716,1556,3045
1015,1 351 478,11,6.91716,1660,3045
1015,1 352 424,11,6.91716,1554,3045
1015,1 359 372,11,6.91716,1464,3045
1015,1 368 477,11,6.91716,1692,3045
1015,1 374 471,11,6.91716,1692,3045
1015,1 382 434,11,6.91716,1634,3045
1015,1 13 275,11,6.91913,578,3045
1015,1 16 228,11,6.91913,490,3045
1015,1 18 305,11,6.91913,648,3045
1015,1 21 292,11,6.91913,628,3045
1015,1 28 316,11,6.91913,690,3045
1015,1 52 136,11,6.91913,378,3045
1015,1 53 126,11,6.91913,360,3045
1015,1 56 205,11,6.91913,524,3045
1015,1 58 251,11,6.91913,620,3045
1015,1 63 366,11,6.91913,860,3045
1015,1 64 102,11,6.91913,334,3045
1015,1 65 219,11,6.91913,570,3045
1015,1 72 88,11,6.91913,322,3045
1015,1 73 497,11,6.91913,1142,3045
1015,1 77 106,11,6.91913,368,3045
1015,1 77 109,11,6.91913,374,3045
1015,1 78 135,11,6.91913,428,3045
1015,1 81 93,11,6.91913,350,3045
1015,1 102 445,11,6.91913,1096,3045
1015,1 105 146,11,6.91913,504,3045
1015,1 109 196,11,6.91913,612,3045
1015,1 111 157,11,6.91913,538,3045
1015,1 114 437,11,6.91913,1104,3045
1015,1 120 143,11,6.91913,528,3045
1015,1 120 462,11,6.91913,1166,3045
1015,1 125 408,11,6.91913,1068,3045
1015,1 134 495,11,6.91913,1260,3045
1015,1 138 178,11,6.91913,634,3045
1015,1 138 389,11,6.91913,1056,3045
1015,1 149 231,11,6.91913,762,3045
1015,1 149 308,11,6.91913,916,3045
1015,1 152 499,11,6.91913,1304,3045
1015,1 157 378,11,6.91913,1072,3045
1015,1 173 276,11,6.91913,900,3045
1015,1 179 197,11,6.91913,754,3045
1015,1 180 380,11,6.91913,1122,3045
1015,1 185 496,11,6.91913,1364,3045
1015,1 205 362,11,6.91913,1136,3045
1015,1 205 481,11,6.91913,1374,3045
1015,1 207 237,11,6.91913,890,3045
1015,1 228 387,11,6.91913,1232,3045
1015,1 234 329,11,6.91913,1128,3045
1015,1 240 343,11,6.91913,1168,3045
1015,1 241 440,11,6.91913,1364,3045
1015,1 245 441,11,6.91913,1374,3045
1015,1 249 295,11,6.91913,1090,3045
1015,1 262 401,11,6.91913,1328,3045
1015,1 265 282,11,6.91913,1096,3045
1015,1 266 334,11,6.91913,1202,3045
1015,1 268 444,11,6.91913,1426,3045
1015,1 269 308,11,6.91913,1156,3045
1015,1 278 408,11,6.91913,1374,3045
1015,1 278 476,11,6.91913,1510,3045
1015,1 281 471,11,6.91913,1506,3045
1015,1 306 328,11,6.91913,1270,3045
1015,1 309 325,11,6.91913,1270,3045
1015,1 309 476,11,6.91913,1572,3045
1015,1 326 431,11,6.91913,1516,3045
1015,1 348 461,11,6.91913,1620,3045
1015,1 356 390,11,6.91913,1494,3045
1015,1 382 492,11,6.91913,1750,3045
1015,1 12 386,11,6.9211,798,3045
1015,1 15 387,11,6.9211,806,3045
1015,1 24 310,11,6.9211,670,3045
1015,1 25 211,11,6.9211,474,3045
1015,1 26 238,11,6.9211,530,3045
1015,1 27 205,11,6.9211,466,3045
1015,1 30 188,11,6.9211,438,3045
1015,1 38 126,11,6.9211,330,3045
1015,1 39 147,11,6.9211,374,3045
1015,1 41 98,11,6.9211,280,3045
1015,1 43 156,11,6.9211,400,3045
1015,1 47 409,11,6.9211,914,3045
1015,1 48 312,11,6.9211,722,3045
1015,1 51 88,11,6.9211,280,3045
1015,1 51 295,11,6.9211,694,3045
1015,1 52 474,11,6.9211,1054,3045
1015,1 54 207,11,6.9211,524,3045
1015,1 54 470,11,6.9211,1050,3045
1015,1 56 91,11,6.9211,296,3045
1015,1 58 80,11,6.9211,278,3045
1015,1 71 163,11,6.9211,470,3045
1015,1 73 161,11,6.9211,470,3045
1015,1 75 402,11,6.9211,956,3045
1015,1 81 441,11,6.9211,1046,3045
1015,1 84 241,11,6.9211,652,3045
1015,1 87 481,11,6.9211,1138,3045
1015,1 88 152,11,6.9211,482,3045
1015,1 94 173,11,6.9211,536,3045
1015,1 94 480,11,6.9211,1150,3045
1015,1 98 112,11,6.9211,422,3045
1015,1 99 448,11,6.9211,1096,3045
1015,1 106 441,11,6.9211,1096,3045
1015,1 108 488,11,6.9211,1194,3045
1015,1 110 195,11,6.9211,612,3045
1015,1 118 138,11,6.9211,514,3045
1015,1 120 348,11,6.9211,938,3045
1015,1 121 321,11,6.9211,886,3045
1015,1 126 219,11,6.9211,692,3045
1015,1 126 404,11,6.9211,1062,3045
1015,1 130 279,11,6.9211,820,3045
1015,1 137 423,11,6.9211,1122,3045
1015,1 138 397,11,6.9211,1072,3045
1015,1 142 411,11,6.9211,1108,3045
1015,1 143 393,11,6.9211,1074,3045
1015,1 148 501,11,6.9211,1300,3045
1015,1 150 246,11,6.9211,794,3045
1015,1 151 249,11,6.9211,802,3045
1015,1 153 193,11,6.9211,694,3045
1015,1 156 257,11,6.9211,828,3045
1015,1 156 402,11,6.9211,1118,3045
1015,1 165 199,11,6.9211,730,3045
1015,1 166 362,11,6.9211,1058,3045
1015,1 173 312,11,6.9211,972,3045
1015,1 181 228,11,6.9211,820,3045
1015,1 187 217,11,6.9211,810,3045
1015,1 190 267,11,6.9211,916,3045
1015,1 199 257,11,6.9211,914,3045
1015,1 206 246,11,6.9211,906,3045
1015,1 210 343,11,6.9211,1108,3045
1015,1 214 328,11,6.9211,1086,3045
1015,1 218 425,11,6.9211,1288,3045
1015,1 225 498,11,6.9211,1448,3045
1015,1 228 501,11,6.9211,1460,3045
1015,1 231 401,11,6.9211,1266,3045
1015,1 235 457,11,6.9211,1386,3045
1015,1 238 287,11,6.9211,1052,3045
1015,1 242 457,11,6.9211,1400,3045
1015,1 248 286,11,6.9211,1070,3045
1015,1 249 348,11,6.9211,1196,3045
1015,1 266 304,11,6.9211,1142,3045
1015,1 271 324,11,6.9211,1192,3045
1015,1 272 284,11,6.9211,1114,3045
1015,1 292 322,11,6.9211,1230,3045
1015,1 296 410,11,6.9211,1414,3045
1015,1 301 316,11,6.9211,1236,3045
1015,1 310 433,11,6.9211,1488,3045
1015,1 326 429,11,6.9211,1512,3045
1015,1 354 491,11,6.9211,1692,3045
1015,1 371 490,11,6.9211,1724,3045
1015,1 40 91,11,6.92308,264,3045
1015,1 41 173,11,6.92308,430,3045
1015,1 42 321,11,6.92308,728,3045
1015,1 44 165,11,6.92308,420,3045
1015,1 44 196,11,6.92308,482,3045
1015,1 47 173,11,6.92308,442,3045
1015,1 50 424,11,6.92308,950,3045
1015,1 52 277,11,6.92308,660,3045
1015,1 53 86,11,6.92308,280,3045
1015,1 57 208,11,6.92308,532,3045
1015,1 58 324,11,6.92308,766,3045
1015,1 59 82,11,6.92308,284,3045
1015,1 59 365,11,6.92308,850,3045
1015,1 61 499,11,6.92308,1122,3045
1015,1 63 101,11,6.92308,330,3045
1015,1 66 455,11,6.92308,1044,3045
1015,1 66 481,11,6.92308,1096,3045
1015,1 70 446,11,6.92308,1034,3045
1015,1 75 86,11,6.92308,324,3045
1015,1 75 165,11,6.92308,482,3045
1015,1 76 88,11,6.92308,330,3045
1015,1 79 110,11,6.92308,380,3045
1015,1 85 193,11,6.92308,558,3045
1015,1 85 201,11,6.92308,574,3045
1015,1 85 301,11,6.92308,774,3045
1015,1 87 208,11,6.92308,592,3045
1015,1 88 452,11,6.92308,1082,3045
1015,1 90 402,11,6.92308,986,3045
1015,1 91 313,11,6.92308,810,3045
1015,1 93 256,11,6.92308,700,3045
1015,1 99 128,11,6.92308,456,3045
1015,1 100 287,11,6.92308,776,3045
1015,1 100 448,11,6.92308,1098,3045
1015,1 101 465,11,6.92308,1134,3045
1015,1 103 377,11,6.92308,962,3045
1015,1 108 414,11,6.92308,1046,3045
1015,1 109 189,11,6.92308,598,3045
1015,1 110 142,11,6.92308,506,3045
1015,1 117 486,11,6.92308,1208,3045
1015,1 121 463,11,6.92308,1170,3045
1015,1 122 151,11,6.92308,548,3045
1015,1 122 464,11,6.92308,1174,3045
1015,1 126 237,11,6.92308,728,3045
1015,1 128 352,11,6.92308,962,3045
1015,1 135 359,11,6.92308,990,3045
1015,1 136 217,11,6.92308,708,3045
1015,1 138 167,11,6.92308,612,3045
1015,1 138 500,11,6.92308,1278,3045
1015,1 147 234,11,6.92308,764,3045
1015,1 149 259,11,6.92308,818,3045
1015,1 152 347,11,6.92308,1000,3045
1015,1 154 225,11,6.92308,760,3045
1015,1 155 422,11,6.92308,1156,3045
1015,1 165 238,11,6.92308,808,3045
1015,1 171 195,11,6.92308,734,3045
1015,1 171 233,11,6.92308,810,3045
1015,1 179 246,11,6.92308,852,3045
1015,1 181 488,11,6.92308,1340,3045
1015,1 184 242,11,6.92308,854,3045
1015,1 184 355,11,6.92308,1080,3045
1015,1 189 346,11,6.92308,1072,3045
1015,1 194 249,11,6.92308,888,3045
1015,1 197 462,11,6.92308,1320,3045
1015,1 200 368,11,6.92308,1138,3045
1015,1 201 483,11,6.92308,1370,3045
1015,1 207 236,11,6.92308,888,3045
1015,1 226 297,11,6.92308,1048,3045
1015,1 227 357,11,6.92308,1170,3045
1015,1 227 471,11,6.92308,1398,3045
1015,1 228 320,11,6.92308,1098,3045
1015,1 228 494,11,6.92308,1446,3045
1015,1 232 354,11,6.92308,1174,3045
1015,1 248 313,11,6.92308,1124,3045
1015,1 250 346,11,6.92308,1194,3045
1015,1 251 452,11,6.92308,1408,3045
1015,1 286 502,11,6.92308,1578,3045
1015,1 297 461,11,6.92308,1518,3045
1015,1 306 427,11,6.92308,1468,3045
1015,1 311 370,11,6.92308,1364,3045
1015,1 318 432,11,6.92308,1502,3045
1015,1 319 473,11,6.92308,1586,3045
1015,1 334 378,11,6.92308,1426,3045
1015,1 352 382,11,6.92308,1470,3045
1015,1 361 446,11,6.92308,1616,3045
1015,1 376 468,11,6.92308,1690,3045
1015,1 15 223,11,6.92505,478,3045
1015,1 17 165,11,6.92505,366,3045
1015,1 19 400,11,6.92505,840,3045
1015,1 26 196,11,6.92505,446,3045
1015,1 26 388,11,6.92505,830,3045
1015,1 26 393,11,6.92505,840,3045
1015,1 28 271,11,6.92505,600,3045
1015,1 30 193,11,6.92505,448,3045
1015,1 35 274,11,6.92505,620,3045
1015,1 38 91,11,6.92505,260,3045
1015,1 39 93,11,6.92505,266,3045
1015,1 39 102,11,6.92505,284,3045
1015,1 39 476,11,6.92505,1032,3045
1015,1 45 390,11,6.92505,872,3045
1015,1 50 132,11,6.92505,366,3045
1015,1 50 418,11,6.92505,938,3045
1015,1 51 399,11,6.92505,902,3045
1015,1 52 185,11,6.92505,476,3045
1015,1 52 219,11,6.92505,544,3045
1015,1 53 84,11,6.92505,276,3045
1015,1 55 488,11,6.92505,1088,3045
1015,1 56 293,11,6.92505,700,3045
1015,1 58 158,11,6.92505,434,3045
1015,1 58 207,11,6.92505,532,3045
1015,1 59 459,11,6.92505,1038,3045
1015,1 60 83,11,6.92505,288,3045
1015,1 64 429,11,6.92505,988,3045
1015,1 65 415,11,6.92505,962,3045
1015,1 69 95,11,6.92505,330,3045
1015,1 69 119,11,6.92505,378,3045
1015,1 74 195,11,6.92505,540,3045
1015,1 82 189,11,6.92505,544,3045
1015,1 82 479,11,6.92505,1124,3045
1015,1 86 111,11,6.92505,396,3045
1015,1 89 193,11,6.92505,566,3045
1015,1 89 472,11,6.92505,1124,3045
1015,1 93 224,11,6.92505,636,3045
1015,1 95 247,11,6.92505,686,3045
1015,1 96 450,11,6.92505,1094,3045
1015,1 97 357,11,6.92505,910,3045
1015,1 98 158,11,6.92505,514,3045
1015,1 100 245,11,6.92505,692,3045
1015,1 101 117,11,6.92505,438,3045
1015,1 101 215,11,6.92505,634,3045
1015,1 103 119,11,6.92505,446,3045
1015,1 103 164,11,6.92505,536,3045
1015,1 105 273,11,6.92505,758,3045
1015,1 112 156,11,6.92505,538,3045
1015,1 112 163,11,6.92505,552,3045
1015,1 112 211,11,6.92505,648,3045
1015,1 116 212,11,6.92505,658,3045
1015,1 119 137,11,6.92505,514,3045
1015,1 135 242,11,6.92505,756,3045
1015,1 135 464,11,6.92505,1200,3045
1015,1 136 261,11,6.92505,796,3045
1015,1 140 251,11,6.92505,784,3045
1015,1 140 329,11,6.92505,940,3045
1015,1 142 200,11,6.92505,686,3045
1015,1 142 458,11,6.92505,1202,3045
1015,1 152 319,11,6.92505,944,3045
1015,1 160 226,11,6.92505,774,3045
1015,1 172 201,11,6.92505,748,3045
1015,1 185 304,11,6.92505,980,3045
1015,1 186 385,11,6.92505,1144,3045
1015,1 186 397,11,6.92505,1168,3045
1015,1 187 238,11,6.92505,852,3045
1015,1 190 480,11,6.92505,1342,3045
1015,1 191 298,11,6.92505,980,3045
1015,1 191 455,11,6.92505,1294,3045
1015,1 196 247,11,6.92505,888,3045
1015,1 199 231,11,6.92505,862,3045
1015,1 201 430,11,6.92505,1264,3045
1015,1 206 322,11,6.92505,1058,3045
1015,1 212 476,11,6.92505,1378,3045
1015,1 213 333,11,6.92505,1094,3045
1015,1 215 232,11,6.92505,896,3045
1015,1 216 467,11,6.92505,1368,3045
1015,1 217 263,11,6.92505,962,3045
1015,1 217 279,11,6.92505,994,3045
1015,1 226 275,11,6.92505,1004,3045
1015,1 229 242,11,6.92505,944,3045
1015,1 233 304,11,6.92505,1076,3045
1015,1 241 352,11,6.92505,1188,3045
1015,1 243 312,11,6.92505,1112,3045
1015,1 247 318,11,6.92505,1132,3045
1015,1 248 453,11,6.92505,1404,3045
1015,1 256 360,11,6.92505,1234,3045
1015,1 256 365,11,6.92505,1244,3045
1015,1 257 479,11,6.92505,1474,3045
1015,1 263 390,11,6.92505,1308,3045
1015,1 263 404,11,6.92505,1336,3045
1015,1 265 402,11,6.92505,1336,3045
1015,1 287 455,11,6.92505,1486,3045
1015,1 287 458,11,6.92505,1492,3045
1015,1 287 501,11,6.92505,1578,3045
1015,1 297 488,11,6.92505,1572,3045
1015,1 305 428,11,6.92505,1468,3045
1015,1 306 319,11,6.92505,1252,3045
1015,1 308 382,11,6.92505,1382,3045
1015,1 308 383,11,6.92505,1384,3045
1015,1 315 426,11,6.92505,1484,3045
1015,1 317 484,11,6.92505,1604,3045
1015,1 320 457,11,6.92505,1556,3045
1015,1 325 456,11,6.92505,1564,3045
1015,1 327 382,11,6.92505,1420,3045
1015,1 328 408,11,6.92505,1474,3045
1015,1 328 464,11,6.92505,1586,3045
1015,1 335 399,11,6.92505,1470,3045
1015,1 343 490,11,6.92505,1668,3045
1015,1 347 478,11,6.92505,1652,3045
1015,1 348 393,11,6.92505,1484,3045
1015,1 370 404,11,6.92505,1550,3045
1015,1 374 395,11,6.92505,1540,3045
1015,1 11 181,11,6.92702,386,3045
1015,1 12 296,11,6.92702,618,3045
1015,1 14 428,11,6.92702,886,3045
1015,1 24 288,11,6.92702,626,3045
1015,1 27 125,11,6.92702,306,3045
1015,1 30 111,11,6.92702,284,3045
1015,1 31 408,11,6.92702,880,3045
1015,1 35 126,11,6.92702,324,3045
1015,1 35 194,11,6.92702,460,3045
1015,1 38 130,11,6.92702,338,3045
1015,1 43 226,11,6.92702,540,3045
1015,1 43 273,11,6.92702,634,3045
1015,1 44 457,11,6.92702,1004,3045
1015,1 46 79,11,6.92702,252,3045
1015,1 47 382,11,6.92702,860,3045
1015,1 50 187,11,6.92702,476,3045
1015,1 52 116,11,6.92702,338,3045
1015,1 55 231,11,6.92702,574,3045
1015,1 59 385,11,6.92702,890,3045
1015,1 64 110,11,6.92702,350,3045
1015,1 68 260,11,6.92702,658,3045
1015,1 70 498,11,6.92702,1138,3045
1015,1 75 210,11,6.92702,572,3045
1015,1 75 349,11,6.92702,850,3045
1015,1 75 427,11,6.92702,1006,3045
1015,1 83 147,11,6.92702,462,3045
1015,1 86 385,11,6.92702,944,3045
1015,1 87 326,11,6.92702,828,3045
1015,1 93 311,11,6.92702,810,3045
1015,1 95 171,11,6.92702,534,3045
1015,1 100 364,11,6.92702,930,3045
1015,1 101 286,11,6.92702,776,3045
1015,1 102 117,11,6.92702,440,3045
1015,1 102 120,11,6.92702,446,3045
1015,1 102 180,11,6.92702,566,3045
1015,1 104 485,11,6.92702,1180,3045
1015,1 108 359,11,6.92702,936,3045
1015,1 116 152,11,6.92702,538,3045
1015,1 118 266,11,6.92702,770,3045
1015,1 118 278,11,6.92702,794,3045
1015,1 131 347,11,6.92702,958,3045
1015,1 136 174,11,6.92702,622,3045
1015,1 136 350,11,6.92702,974,3045
1015,1 142 318,11,6.92702,922,3045
1015,1 150 474,11,6.92702,1250,3045
1015,1 154 377,11,6.92702,1064,3045
1015,1 155 188,11,6.92702,688,3045
1015,1 157 256,11,6.92702,828,3045
1015,1 160 183,11,6.92702,688,3045
1015,1 160 260,11,6.92702,842,3045
1015,1 166 486,11,6.92702,1306,3045
1015,1 171 240,11,6.92702,824,3045
1015,1 175 200,11,6.92702,752,3045
1015,1 184 225,11,6.92702,820,3045
1015,1 184 500,11,6.92702,1370,3045
1015,1 189 288,11,6.92702,956,3045
1015,1 193 474,11,6.92702,1336,3045
1015,1 195 477,11,6.92702,1346,3045
1015,1 201 369,11,6.92702,1142,3045
1015,1 205 317,11,6.92702,1046,3045
1015,1 207 348,11,6.92702,1112,3045
1015,1 211 439,11,6.92702,1302,3045
1015,1 214 474,11,6.92702,1378,3045
1015,1 215 349,11,6.92702,1130,3045
1015,1 217 378,11,6.92702,1192,3045
1015,1 218 346,11,6.92702,1130,3045
1015,1 219 424,11,6.92702,1288,3045
1015,1 232 488,11,6.92702,1442,3045
1015,1 233 409,11,6.92702,1286,3045
1015,1 234 326,11,6.92702,1122,3045
1015,1 235 403,11,6.92702,1278,3045
1015,1 236 409,11,6.92702,1292,3045
1015,1 238 322,11,6.92702,1122,3045
1015,1 240 408,11,6.92702,1298,3045
1015,1 241 331,11,6.92702,1146,3045
1015,1 242 304,11,6.92702,1094,3045
1015,1 244 415,11,6.92702,1320,3045
1015,1 245 321,11,6.92702,1134,3045
1015,1 250 301,11,6.92702,1104,3045
1015,1 260 333,11,6.92702,1188,3045
1015,1 260 430,11,6.92702,1382,3045
1015,1 267 420,11,6.92702,1376,3045
1015,1 275 483,11,6.92702,1518,3045
1015,1 279 334,11,6.92702,1228,3045
1015,1 287 329,11,6.92702,1234,3045
1015,1 305 320,11,6.92702,1252,3045
1015,1 306 464,11,6.92702,1542,3045
1015,1 306 490,11,6.92702,1594,3045
1015,1 328 404,11,6.92702,1466,3045
1015,1 330 415,11,6.92702,1492,3045
1015,1 360 408,11,6.92702,1538,3045
1015,1 361 455,11,6.92702,1634,3045
1015,1 363 413,11,6.92702,1554,3045
1015,1 363 423,11,6.92702,1574,3045
1015,1 377 439,11,6.92702,1634,3045
1015,1 14 387,11,6.92899,804,3045
1015,1 17 286,11,6.92899,608,3045
1015,1 20 109,11,6.92899,260,3045
1015,1 20 193,11,6.92899,428,3045
1015,1 25 135,11,6.92899,322,3045
1015,1 25 206,11,6.92899,464,3045
1015,1 26 200,11,6.92899,454,3045
1015,1 27 408,11,6.92899,872,3045
1015,1 28 430,11,6.92899,918,3045
1015,1 32 181,11,6.92899,428,3045
1015,1 34 284,11,6.92899,638,3045
1015,1 39 320,11,6.92899,720,3045
1015,1 40 291,11,6.92899,664,3045
1015,1 40 455,11,6.92899,992,3045
1015,1 42 158,11,6.92899,402,3045
1015,1 42 182,11,6.92899,450,3045
1015,1 42 371,11,6.92899,828,3045
1015,1 42 438,11,6.92899,962,3045
1015,1 43 289,11,6.92899,666,3045
1015,1 45 468,11,6.92899,1028,3045
1015,1 46 358,11,6.92899,810,3045
1015,1 48 359,11,6.92899,816,3045
1015,1 50 325,11,6.92899,752,3045
1015,1 54 350,11,6.92899,810,3045
1015,1 56 257,11,6.92899,628,3045
1015,1 57 327,11,6.92899,770,3045
1015,1 57 438,11,6.92899,992,3045
1015,1 60 292,11,6.92899,706,3045
1015,1 63 454,11,6.92899,1036,3045
1015,1 64 208,11,6.92899,546,3045
1015,1 65 149,11,6.92899,430,3045
1015,1 67 461,11,6.92899,1058,3045
1015,1 69 182,11,6.92899,504,3045
1015,1 71 485,11,6.92899,1114,3045
1015,1 73 320,11,6.92899,788,3045
1015,1 82 378,11,6.92899,922,3045
1015,1 85 408,11,6.92899,988,3045
1015,1 88 124,11,6.92899,426,3045
1015,1 90 502,11,6.92899,1186,3045
1015,1 94 420,11,6.92899,1030,3045
1015,1 102 144,11,6.92899,494,3045
1015,1 102 146,11,6.92899,498,3045
1015,1 102 240,11,6.92899,686,3045
1015,1 102 289,11,6.92899,784,3045
1015,1 102 291,11,6.92899,788,3045
1015,1 102 434,11,6.92899,1074,3045
1015,1 102 436,11,6.92899,1078,3045
1015,1 102 465,11,6.92899,1136,3045
1015,1 104 274,11,6.92899,758,3045
1015,1 105 434,11,6.92899,1080,3045
1015,1 110 126,11,6.92899,474,3045
1015,1 110 380,11,6.92899,982,3045
1015,1 111 257,11,6.92899,738,3045
1015,1 118 408,11,6.92899,1054,3045
1015,1 122 312,11,6.92899,870,3045
1015,1 129 227,11,6.92899,714,3045
1015,1 132 299,11,6.92899,864,3045
1015,1 133 226,11,6.92899,720,3045
1015,1 134 195,11,6.92899,660,3045
1015,1 134 244,11,6.92899,758,3045
1015,1 137 173,11,6.92899,622,3045
1015,1 137 389,11,6.92899,1054,3045
1015,1 142 205,11,6.92899,696,3045
1015,1 144 185,11,6.92899,660,3045
1015,1 144 250,11,6.92899,790,3045
1015,1 144 478,11,6.92899,1246,3045
1015,1 146 333,11,6.92899,960,3045
1015,1 148 352,11,6.92899,1002,3045
1015,1 158 328,11,6.92899,974,3045
1015,1 159 250,11,6.92899,820,3045
1015,1 163 221,11,6.92899,770,3045
1015,1 163 477,11,6.92899,1282,3045
1015,1 165 432,11,6.92899,1196,3045
1015,1 166 463,11,6.92899,1260,3045
1015,1 167 315,11,6.92899,966,3045
1015,1 167 410,11,6.92899,1156,3045
1015,1 172 408,11,6.92899,1162,3045
1015,1 174 295,11,6.92899,940,3045
1015,1 179 393,11,6.92899,1146,3045
1015,1 179 489,11,6.92899,1338,3045
1015,1 183 394,11,6.92899,1156,3045
1015,1 185 289,11,6.92899,950,3045
1015,1 185 291,11,6.92899,954,3045
1015,1 185 434,11,6.92899,1240,3045
1015,1 185 436,11,6.92899,1244,3045
1015,1 188 436,11,6.92899,1250,3045
1015,1 206 463,11,6.92899,1340,3045
1015,1 209 486,11,6.92899,1392,3045
1015,1 212 231,11,6.92899,888,3045
1015,1 212 499,11,6.92899,1424,3045
1015,1 214 388,11,6.92899,1206,3045
1015,1 217 312,11,6.92899,1060,3045
1015,1 217 351,11,6.92899,1138,3045
1015,1 222 418,11,6.92899,1282,3045
1015,1 223 313,11,6.92899,1074,3045
1015,1 225 466,11,6.92899,1384,3045
1015,1 232 441,11,6.92899,1348,3045
1015,1 236 411,11,6.92899,1296,3045
1015,1 238 456,11,6.92899,1390,3045
1015,1 242 345,11,6.92899,1176,3045
1015,1 245 468,11,6.92899,1428,3045
1015,1 247 291,11,6.92899,1078,3045
1015,1 251 438,11,6.92899,1380,3045
1015,1 256 462,11,6.92899,1438,3045
1015,1 257 331,11,6.92899,1178,3045
1015,1 258 312,11,6.92899,1142,3045
1015,1 263 408,11,6.92899,1344,3045
1015,1 271 330,11,6.92899,1204,3045
1015,1 271 387,11,6.92899,1318,3045
1015,1 274 490,11,6.92899,1530,3045
1015,1 277 445,11,6.92899,1446,3045
1015,1 281 493,11,6.92899,1550,3045
1015,1 284 384,11,6.92899,1338,3045
1015,1 289 330,11,6.92899,1240,3045
1015,1 297 311,11,6.92899,1218,3045
1015,1 303 387,11,6.92899,1382,3045
1015,1 317 408,11,6.92899,1452,3045
1015,1 350 426,11,6.92899,1554,3045
1015,1 355 462,11,6.92899,1636,3045
1015,1 356 400,11,6.92899,1514,3045
1015,1 356 426,11,6.92899,1566,3045
1015,1 13 389,11,6.93097,806,3045
1015,1 13 452,11,6.93097,932,3045
1015,1 14 185,11,6.93097,400,3045
1015,1 16 137,11,6.93097,308,3045
1015,1 22 285,11,6.93097,616,3045
1015,1 23 318,11,6.93097,684,3045
1015,1 24 317,11,6.93097,684,3045
1015,1 25 215,11,6.93097,482,3045
1015,1 26 122,11,6.93097,298,3045
1015,1 31 314,11,6.93097,692,3045
1015,1 33 378,11,6.93097,824,3045
1015,1 39 317,11,6.93097,714,3045
1015,1 47 394,11,6.93097,884,3045
1015,1 51 221,11,6.93097,546,3045
1015,1 53 327,11,6.93097,762,3045
1015,1 54 98,11,6.93097,306,3045
1015,1 55 469,11,6.93097,1050,3045
1015,1 57 276,11,6.93097,668,3045
1015,1 59 76,11,6.93097,272,3045
1015,1 63 81,11,6.93097,290,3045
1015,1 66 414,11,6.93097,962,3045
1015,1 70 396,11,6.93097,934,3045
1015,1 72 444,11,6.93097,1034,3045
1015,1 73 448,11,6.93097,1044,3045
1015,1 75 334,11,6.93097,820,3045
1015,1 77 94,11,6.93097,344,3045
1015,1 78 108,11,6.93097,374,3045
1015,1 78 269,11,6.93097,696,3045
1015,1 82 95,11,6.93097,356,3045
1015,1 86 446,11,6.93097,1066,3045
1015,1 88 474,11,6.93097,1126,3045
1015,1 90 260,11,6.93097,702,3045
1015,1 91 259,11,6.93097,702,3045
1015,1 97 472,11,6.93097,1140,3045
1015,1 102 463,11,6.93097,1132,3045
1015,1 109 487,11,6.93097,1194,3045
1015,1 112 200,11,6.93097,626,3045
1015,1 112 208,11,6.93097,642,3045
1015,1 112 401,11,6.93097,1028,3045
1015,1 114 408,11,6.93097,1046,3045
1015,1 119 262,11,6.93097,764,3045
1015,1 119 292,11,6.93097,824,3045
1015,1 122 469,11,6.93097,1184,3045
1015,1 123 196,11,6.93097,640,3045
1015,1 124 234,11,6.93097,718,3045
1015,1 126 180,11,6.93097,614,3045
1015,1 128 333,11,6.93097,924,3045
1015,1 128 366,11,6.93097,990,3045
1015,1 129 430,11,6.93097,1120,3045
1015,1 131 481,11,6.93097,1226,3045
1015,1 135 458,11,6.93097,1188,3045
1015,1 138 264,11,6.93097,806,3045
1015,1 139 249,11,6.93097,778,3045
1015,1 140 486,11,6.93097,1254,3045
1015,1 146 185,11,6.93097,664,3045
1015,1 146 395,11,6.93097,1084,3045
1015,1 149 498,11,6.93097,1296,3045
1015,1 162 396,11,6.93097,1118,3045
1015,1 163 437,11,6.93097,1202,3045
1015,1 173 213,11,6.93097,774,3045
1015,1 176 249,11,6.93097,852,3045
1015,1 181 395,11,6.93097,1154,3045
1015,1 198 267,11,6.93097,932,3045
1015,1 199 334,11,6.93097,1068,3045
1015,1 206 350,11,6.93097,1114,3045
1015,1 208 333,11,6.93097,1084,3045
1015,1 210 264,11,6.93097,950,3045
1015,1 213 390,11,6.93097,1208,3045
1015,1 225 259,11,6.93097,970,3045
1015,1 225 295,11,6.93097,1042,3045
1015,1 226 243,11,6.93097,940,3045
1015,1 228 307,11,6.93097,1072,3045
1015,1 233 284,11,6.93097,1036,3045
1015,1 234 295,11,6.93097,1060,3045
1015,1 236 455,11,6.93097,1384,3045
1015,1 236 483,11,6.93097,1440,3045
1015,1 245 427,11,6.93097,1346,3045
1015,1 256 293,11,6.93097,1100,3045
1015,1 264 388,11,6.93097,1306,3045
1015,1 270 395,11,6.93097,1332,3045
1015,1 271 455,11,6.93097,1454,3045
1015,1 273 486,11,6.93097,1520,3045
1015,1 284 421,11,6.93097,1412,3045
1015,1 286 305,11,6.93097,1184,3045
1015,1 296 452,11,6.93097,1498,3045
1015,1 299 335,11,6.93097,1270,3045
1015,1 310 323,11,6.93097,1268,3045
1015,1 322 492,11,6.93097,1630,3045
1015,1 353 411,11,6.93097,1530,3045
1015,1 378 420,11,6.93097,1598,3045
1015,1 13 222,11,6.93294,472,3045
1015,1 14 136,11,6.93294,302,3045
1015,1 14 373,11,6.93294,776,3045
1015,1 15 112,11,6.93294,256,3045
1015,1 18 283,11,6.93294,604,3045
1015,1 19 428,11,6.93294,896,3045
1015,1 20 431,11,6.93294,904,3045
1015,1 22 313,11,6.93294,672,3045
1015,1 24 389,11,6.93294,828,3045
1015,1 28 360,11,6.93294,778,3045
1015,1 28 420,11,6.93294,898,3045
1015,1 29 364,11,6.93294,788,3045
1015,1 32 117,11,6.93294,300,3045
1015,1 32 249,11,6.93294,564,3045
1015,1 32 366,11,6.93294,798,3045
1015,1 32 416,11,6.93294,898,3045
1015,1 32 454,11,6.93294,974,3045
1015,1 33 470,11,6.93294,1008,3045
1015,1 34 156,11,6.93294,382,3045
1015,1 36 408,11,6.93294,890,3045
1015,1 44 119,11,6.93294,328,3045
1015,1 45 123,11,6.93294,338,3045
1015,1 45 471,11,6.93294,1034,3045
1015,1 46 408,11,6.93294,910,3045
1015,1 47 430,11,6.93294,956,3045
1015,1 48 262,11,6.93294,622,3045
1015,1 52 222,11,6.93294,550,3045
1015,1 52 462,11,6.93294,1030,3045
1015,1 53 331,11,6.93294,770,3045
1015,1 54 388,11,6.93294,886,3045
1015,1 55 149,11,6.93294,410,3045
1015,1 55 446,11,6.93294,1004,3045
1015,1 56 460,11,6.93294,1034,3045
1015,1 61 78,11,6.93294,280,3045
1015,1 61 201,11,6.93294,526,3045
1015,1 61 347,11,6.93294,818,3045
1015,1 64 305,11,6.93294,740,3045
1015,1 65 235,11,6.93294,602,3045
1015,1 66 430,11,6.93294,994,3045
1015,1 67 351,11,6.93294,838,3045
1015,1 68 94,11,6.93294,326,3045
1015,1 68 97,11,6.93294,332,3045
1015,1 68 354,11,6.93294,846,3045
1015,1 70 81,11,6.93294,304,3045
1015,1 71 101,11,6.93294,346,3045
1015,1 72 277,11,6.93294,700,3045
1015,1 75 479,11,6.93294,1110,3045
1015,1 76 447,11,6.93294,1048,3045
1015,1 81 227,11,6.93294,618,3045
1015,1 83 179,11,6.93294,526,3045
1015,1 83 453,11,6.93294,1074,3045
1015,1 89 430,11,6.93294,1040,3045
1015,1 91 241,11,6.93294,666,3045
1015,1 92 334,11,6.93294,854,3045
1015,1 93 501,11,6.93294,1190,3045
1015,1 95 109,11,6.93294,410,3045
1015,1 98 283,11,6.93294,764,3045
1015,1 102 242,11,6.93294,690,3045
1015,1 102 383,11,6.93294,972,3045
1015,1 102 388,11,6.93294,982,3045
1015,1 104 471,11,6.93294,1152,3045
1015,1 108 250,11,6.93294,718,3045
1015,1 109 311,11,6.93294,842,3045
1015,1 110 431,11,6.93294,1084,3045
1015,1 111 360,11,6.93294,944,3045
1015,1 112 259,11,6.93294,744,3045
1015,1 115 432,11,6.93294,1096,3045
1015,1 124 209,11,6.93294,668,3045
1015,1 124 304,11,6.93294,858,3045
1015,1 126 231,11,6.93294,716,3045
1015,1 126 488,11,6.93294,1230,3045
1015,1 128 174,11,6.93294,606,3045
1015,1 139 196,11,6.93294,672,3045
1015,1 140 195,11,6.93294,672,3045
1015,1 141 327,11,6.93294,938,3045
1015,1 148 206,11,6.93294,710,3045
1015,1 149 351,11,6.93294,1002,3045
1015,1 155 483,11,6.93294,1278,3045
1015,1 156 298,11,6.93294,910,3045
1015,1 164 431,11,6.93294,1192,3045
1015,1 167 481,11,6.93294,1298,3045
1015,1 182 213,11,6.93294,792,3045
1015,1 182 350,11,6.93294,1066,3045
1015,1 186 391,11,6.93294,1156,3045
1015,1 190 324,11,6.93294,1030,3045
1015,1 191 429,11,6.93294,1242,3045
1015,1 194 221,11,6.93294,832,3045
1015,1 194 333,11,6.93294,1056,3045
1015,1 198 499,11,6.93294,1396,3045
1015,1 213 234,11,6.93294,896,3045
1015,1 215 304,11,6.93294,1040,3045
1015,1 218 249,11,6.93294,936,3045
1015,1 219 371,11,6.93294,1182,3045
1015,1 221 501,11,6.93294,1446,3045
1015,1 222 303,11,6.93294,1052,3045
1015,1 222 416,11,6.93294,1278,3045
1015,1 222 468,11,6.93294,1382,3045
1015,1 224 306,11,6.93294,1062,3045
1015,1 225 321,11,6.93294,1094,3045
1015,1 227 433,11,6.93294,1322,3045
1015,1 229 244,11,6.93294,948,3045
1015,1 242 425,11,6.93294,1336,3045
1015,1 259 394,11,6.93294,1308,3045
1015,1 264 437,11,6.93294,1404,3045
1015,1 266 389,11,6.93294,1312,3045
1015,1 266 467,11,6.93294,1468,3045
1015,1 269 488,11,6.93294,1516,3045
1015,1 270 354,11,6.93294,1250,3045
1015,1 271 492,11,6.93294,1528,3045
1015,1 281 408,11,6.93294,1380,3045
1015,1 282 379,11,6.93294,1324,3045
1015,1 285 471,11,6.93294,1514,3045
1015,1 287 378,11,6.93294,1332,3045
1015,1 293 376,11,6.93294,1340,3045
1015,1 296 449,11,6.93294,1492,3045
1015,1 298 324,11,6.93294,1246,3045
1015,1 298 374,11,6.93294,1346,3045
1015,1 302 393,11,6.93294,1392,3045
1015,1 310 490,11,6.93294,1602,3045
1015,1 313 481,11,6.93294,1590,3045
1015,1 314 371,11,6.93294,1372,3045
1015,1 317 417,11,6.93294,1470,3045
1015,1 321 394,11,6.93294,1432,3045
1015,1 323 401,11,6.93294,1450,3045
1015,1 327 403,11,6.93294,1462,3045
1015,1 328 414,11,6.93294,1486,3045
1015,1 342 467,11,6.93294,1620,3045
1015,1 346 441,11,6.93294,1576,3045
1015,1 350 401,11,6.93294,1504,3045
1015,1 359 454,11,6.93294,1628,3045
1015,1 361 404,11,6.93294,1532,3045
1015,1 361 443,11,6.93294,1610,3045
1015,1 373 391,11,6.93294,1530,3045
1015,1 379 459,11,6.93294,1678,3045
1015,1 382 453,11,6.93294,1672,3045
1015,1 12 445,11,6.93491,916,3045
1015,1 16 424,11,6.93491,882,3045
1015,1 16 448,11,6.93491,930,3045
1015,1 17 269,11,6.93491,574,3045
1015,1 19 197,11,6.93491,434,3045
1015,1 21 118,11,6.93491,280,3045
1015,1 23 466,11,6.93491,980,3045
1015,1 26 359,11,6.93491,772,3045
1015,1 28 444,11,6.93491,946,3045
1015,1 29 108,11,6.93491,276,3045
1015,1 32 465,11,6.93491,996,3045
1015,1 34 311,11,6.93491,692,3045
1015,1 37 463,11,6.93491,1002,3045
1015,1 39 209,11,6.93491,498,3045
1015,1 40 135,11,6.93491,352,3045
1015,1 40 335,11,6.93491,752,3045
1015,1 41 94,11,6.93491,272,3045
1015,1 43 112,11,6.93491,312,3045
1015,1 47 225,11,6.93491,546,3045
1015,1 47 348,11,6.93491,792,3045
1015,1 50 89,11,6.93491,280,3045
1015,1 54 184,11,6.93491,478,3045
1015,1 55 175,11,6.93491,462,3045
1015,1 57 79,11,6.93491,274,3045
1015,1 59 102,11,6.93491,324,3045
1015,1 59 217,11,6.93491,554,3045
1015,1 59 310,11,6.93491,740,3045
1015,1 60 108,11,6.93491,338,3045
1015,1 62 73,11,6.93491,272,3045
1015,1 62 151,11,6.93491,428,3045
1015,1 64 115,11,6.93491,360,3045
1015,1 67 453,11,6.93491,1042,3045
1015,1 68 353,11,6.93491,844,3045
1015,1 69 84,11,6.93491,308,3045
1015,1 73 104,11,6.93491,356,3045
1015,1 74 404,11,6.93491,958,3045
1015,1 79 93,11,6.93491,346,3045
1015,1 79 249,11,6.93491,658,3045
1015,1 82 149,11,6.93491,464,3045
1015,1 82 292,11,6.93491,750,3045
1015,1 83 132,11,6.93491,432,3045
1015,1 83 397,11,6.93491,962,3045
1015,1 86 270,11,6.93491,714,3045
1015,1 86 363,11,6.93491,900,3045
1015,1 86 392,11,6.93491,958,3045
1015,1 88 101,11,6.93491,380,3045
1015,1 88 102,11,6.93491,382,3045
1015,1 89 385,11,6.93491,950,3045
1015,1 96 214,11,6.93491,622,3045
1015,1 98 140,11,6.93491,478,3045
1015,1 98 478,11,6.93491,1154,3045
1015,1 99 171,11,6.93491,542,3045
1015,1 103 273,11,6.93491,754,3045
1015,1 106 388,11,6.93491,990,3045
1015,1 107 248,11,6.93491,712,3045
1015,1 109 197,11,6.93491,614,3045
1015,1 111 430,11,6.93491,1084,3045
1015,1 112 126,11,6.93491,478,3045
1015,1 117 285,11,6.93491,806,3045
1015,1 121 332,11,6.93491,908,3045
1015,1 121 397,11,6.93491,1038,3045
1015,1 132 366,11,6.93491,998,3045
1015,1 136 319,11,6.93491,912,3045
1015,1 142 334,11,6.93491,954,3045
1015,1 151 397,11,6.93491,1098,3045
1015,1 152 327,11,6.93491,960,3045
1015,1 153 219,11,6.93491,746,3045
1015,1 153 424,11,6.93491,1156,3045
1015,1 154 480,11,6.93491,1270,3045
1015,1 155 359,11,6.93491,1030,3045
1015,1 158 363,11,6.93491,1044,3045
1015,1 159 403,11,6.93491,1126,3045
1015,1 166 292,11,6.93491,918,3045
1015,1 166 304,11,6.93491,942,3045
1015,1 171 288,11,6.93491,920,3045
1015,1 172 399,11,6.93491,1144,3045
1015,1 173 218,11,6.93491,784,3045
1015,1 173 391,11,6.93491,1130,3045
1015,1 174 306,11,6.93491,962,3045
1015,1 178 194,11,6.93491,746,3045
1015,1 184 212,11,6.93491,794,3045
1015,1 185 242,11,6.93491,856,3045
1015,1 192 424,11,6.93491,1234,3045
1015,1 193 498,11,6.93491,1384,3045
1015,1 198 439,11,6.93491,1276,3045
1015,1 201 433,11,6.93491,1270,3045
1015,1 207 316,11,6.93491,1048,3045
1015,1 210 236,11,6.93491,894,3045
1015,1 213 457,11,6.93491,1342,3045
1015,1 214 442,11,6.93491,1314,3045
1015,1 219 393,11,6.93491,1226,3045
1015,1 220 461,11,6.93491,1364,3045
1015,1 222 300,11,6.93491,1046,3045
1015,1 223 239,11,6.93491,926,3045
1015,1 223 418,11,6.93491,1284,3045
1015,1 224 473,11,6.93491,1396,3045
1015,1 225 305,11,6.93491,1062,3045
1015,1 227 268,11,6.93491,992,3045
1015,1 233 328,11,6.93491,1124,3045
1015,1 234 267,11,6.93491,1004,3045
1015,1 234 303,11,6.93491,1076,3045
1015,1 237 443,11,6.93491,1362,3045
1015,1 237 458,11,6.93491,1392,3045
1015,1 241 318,11,6.93491,1120,3045
1015,1 241 333,11,6.93491,1150,3045
1015,1 244 458,11,6.93491,1406,3045
1015,1 248 284,11,6.93491,1066,3045
1015,1 248 442,11,6.93491,1382,3045
1015,1 249 309,11,6.93491,1118,3045
1015,1 249 358,11,6.93491,1216,3045
1015,1 251 410,11,6.93491,1324,3045
1015,1 258 297,11,6.93491,1112,3045
1015,1 265 432,11,6.93491,1396,3045
1015,1 265 455,11,6.93491,1442,3045
1015,1 266 456,11,6.93491,1446,3045
1015,1 269 467,11,6.93491,1474,3045
1015,1 270 348,11,6.93491,1238,3045
1015,1 272 317,11,6.93491,1180,3045
1015,1 272 382,11,6.93491,1310,3045
1015,1 288 408,11,6.93491,1394,3045
1015,1 294 415,11,6.93491,1420,3045
1015,1 298 334,11,6.93491,1266,3045
1015,1 311 500,11,6.93491,1624,3045
1015,1 313 361,11,6.93491,1350,3045
1015,1 315 479,11,6.93491,1590,3045
1015,1 326 412,11,6.93491,1478,3045
1015,1 326 496,11,6.93491,1646,3045
1015,1 344 428,11,6.93491,1546,3045
1015,1 347 440,11,6.93491,1576,3045
1015,1 352 481,11,6.93491,1668,3045
1015,1 366 402,11,6.93491,1538,3045
1015,1 372 487,11,6.93491,1720,3045
1015,1 374 417,11,6.93491,1584,3045
1015,1 379 408,11,6.93491,1576,3045
1015,1 11 183,11,6.93688,390,3045
1015,1 12 372,11,6.93688,770,3045
1015,1 12 429,11,6.93688,884,3045
1015,1 12 456,11,6.93688,938,3045
1015,1 14 138,11,6.93688,306,3045
1015,1 15 225,11,6.93688,482,3045
1015,1 15 237,11,6.93688,506,3045
1015,1 15 371,11,6.93688,774,3045
1015,1 15 459,11,6.93688,950,3045
1015,1 19 141,11,6.93688,322,3045
1015,1 19 232,11,6.93688,504,3045
1015,1 23 153,11,6.93688,354,3045
1015,1 24 268,11,6.93688,586,3045
1015,1 25 462,11,6.93688,976,3045
1015,1 28 432,11,6.93688,922,3045
1015,1 31 325,11,6.93688,714,3045
1015,1 31 423,11,6.93688,910,3045
1015,1 34 184,11,6.93688,438,3045
1015,1 36 201,11,6.93688,476,3045
1015,1 36 331,11,6.93688,736,3045
1015,1 38 423,11,6.93688,924,3045
1015,1 41 147,11,6.93688,378,3045
1015,1 44 327,11,6.93688,744,3045
1015,1 46 374,11,6.93688,842,3045
1015,1 48 83,11,6.93688,264,3045
1015,1 48 327,11,6.93688,752,3045
1015,1 51 349,11,6.93688,802,3045
1015,1 51 414,11,6.93688,932,3045
1015,1 52 197,11,6.93688,500,3045
1015,1 52 238,11,6.93688,582,3045
1015,1 53 146,11,6.93688,400,3045
1015,1 53 436,11,6.93688,980,3045
1015,1 55 131,11,6.93688,374,3045
1015,1 58 501,11,6.93688,1120,3045
1015,1 59 440,11,6.93688,1000,3045
1015,1 60 286,11,6.93688,694,3045
1015,1 63 304,11,6.93688,736,3045
1015,1 64 213,11,6.93688,556,3045
1015,1 65 171,11,6.93688,474,3045
1015,1 67 348,11,6.93688,832,3045
1015,1 68 483,11,6.93688,1104,3045
1015,1 69 159,11,6.93688,458,3045
1015,1 69 187,11,6.93688,514,3045
1015,1 70 112,11,6.93688,366,3045
1015,1 71 128,11,6.93688,400,3045
1015,1 72 373,11,6.93688,892,3045
1015,1 76 184,11,6.93688,522,3045
1015,1 76 283,11,6.93688,720,3045
1015,1 76 501,11,6.93688,1156,3045
1015,1 77 404,11,6.93688,964,3045
1015,1 79 141,11,6.93688,442,3045
1015,1 84 319,11,6.93688,808,3045
1015,1 84 376,11,6.93688,922,3045
1015,1 86 285,11,6.93688,744,3045
1015,1 87 156,11,6.93688,488,3045
1015,1 90 161,11,6.93688,504,3045
1015,1 90 197,11,6.93688,576,3045
1015,1 90 348,11,6.93688,878,3045
1015,1 93 383,11,6.93688,954,3045
1015,1 93 487,11,6.93688,1162,3045
1015,1 95 234,11,6.93688,660,3045
1015,1 97 212,11,6.93688,620,3045
1015,1 97 220,11,6.93688,636,3045
1015,1 98 225,11,6.93688,648,3045
1015,1 99 343,11,6.93688,886,3045
1015,1 101 115,11,6.93688,434,3045
1015,1 101 158,11,6.93688,520,3045
1015,1 101 424,11,6.93688,1052,3045
1015,1 104 148,11,6.93688,506,3045
1015,1 107 287,11,6.93688,790,3045
1015,1 111 298,11,6.93688,820,3045
1015,1 114 209,11,6.93688,648,3045
1015,1 116 303,11,6.93688,840,3045
1015,1 119 371,11,6.93688,982,3045
1015,1 119 494,11,6.93688,1228,3045
1015,1 126 332,11,6.93688,918,3045
1015,1 126 364,11,6.93688,982,3045
1015,1 131 412,11,6.93688,1088,3045
1015,1 137 263,11,6.93688,802,3045
1015,1 144 198,11,6.93688,686,3045
1015,1 144 237,11,6.93688,764,3045
1015,1 146 382,11,6.93688,1058,3045
1015,1 147 228,11,6.93688,752,3045
1015,1 148 324,11,6.93688,946,3045
1015,1 150 384,11,6.93688,1070,3045
1015,1 155 453,11,6.93688,1218,3045
1015,1 156 324,11,6.93688,962,3045
1015,1 158 296,11,6.93688,910,3045
1015,1 159 184,11,6.93688,688,3045
1015,1 161 227,11,6.93688,778,3045
1015,1 163 239,11,6.93688,806,3045
1015,1 166 272,11,6.93688,878,3045
1015,1 171 199,11,6.93688,742,3045
1015,1 171 216,11,6.93688,776,3045
1015,1 171 276,11,6.93688,896,3045
1015,1 171 360,11,6.93688,1064,3045
1015,1 172 477,11,6.93688,1300,3045
1015,1 177 233,11,6.93688,822,3045
1015,1 178 212,11,6.93688,782,3045
1015,1 181 305,11,6.93688,974,3045
1015,1 183 388,11,6.93688,1144,3045
1015,1 183 410,11,6.93688,1188,3045
1015,1 184 220,11,6.93688,810,3045
1015,1 184 265,11,6.93688,900,3045
1015,1 195 440,11,6.93688,1272,3045
1015,1 195 464,11,6.93688,1320,3045
1015,1 197 238,11,6.93688,872,3045
1015,1 198 291,11,6.93688,980,3045
1015,1 199 431,11,6.93688,1262,3045
1015,1 201 230,11,6.93688,864,3045
1015,1 201 293,11,6.93688,990,3045
1015,1 213 460,11,6.93688,1348,3045
1015,1 214 353,11,6.93688,1136,3045
1015,1 218 423,11,6.93688,1284,3045
1015,1 225 267,11,6.93688,986,3045
1015,1 230 476,11,6.93688,1414,3045
1015,1 231 403,11,6.93688,1270,3045
1015,1 237 434,11,6.93688,1344,3045
1015,1 242 329,11,6.93688,1144,3045
1015,1 244 428,11,6.93688,1346,3045
1015,1 247 344,11,6.93688,1184,3045
1015,1 248 449,11,6.93688,1396,3045
1015,1 251 367,11,6.93688,1238,3045
1015,1 265 334,11,6.93688,1200,3045
1015,1 270 489,11,6.93688,1520,3045
1015,1 289 382,11,6.93688,1344,3045
1015,1 289 488,11,6.93688,1556,3045
1015,1 291 343,11,6.93688,1270,3045
1015,1 293 500,11,6.93688,1588,3045
1015,1 298 500,11,6.93688,1598,3045
1015,1 313 357,11,6.93688,1342,3045
1015,1 318 461,11,6.93688,1560,3045
1015,1 321 438,11,6.93688,1520,3045
1015,1 325 477,11,6.93688,1606,3045
1015,1 326 466,11,6.93688,1586,3045
1015,1 327 386,11,6.93688,1428,3045
1015,1 343 436,11,6.93688,1560,3045
1015,1 345 429,11,6.93688,1550,3045
1015,1 346 477,11,6.93688,1648,3045
1015,1 349 471,11,6.93688,1642,3045
1015,1 354 388,11,6.93688,1486,3045
1015,1 354 414,11,6.93688,1538,3045
1015,1 360 467,11,6.93688,1656,3045
1015,1 369 478,11,6.93688,1696,3045
1015,1 374 493,11,6.93688,1736,3045
1015,1 12 137,11,6.93886,300,3045
1015,1 13 121,11,6.93886,270,3045
1015,1 14 430,11,6.93886,890,3045
1015,1 15 126,11,6.93886,284,3045
1015,1 15 226,11,6.93886,484,3045
1015,1 16 417,11,6.93886,868,3045
1015,1 17 364,11,6.93886,764,3045
1015,1 17 443,11,6.93886,922,3045
1015,1 18 294,11,6.93886,626,3045
1015,1 19 227,11,6.93886,494,3045
1015,1 25 360,11,6.93886,772,3045
1015,1 35 166,11,6.93886,404,3045
1015,1 35 191,11,6.93886,454,3045
1015,1 36 159,11,6.93886,392,3045
1015,1 37 403,11,6.93886,882,3045
1015,1 45 302,11,6.93886,696,3045
1015,1 45 408,11,6.93886,908,3045
1015,1 46 269,11,6.93886,632,3045
1015,1 47 155,11,6.93886,406,3045
1015,1 47 445,11,6.93886,986,3045
1015,1 48 360,11,6.93886,818,3045
1015,1 48 453,11,6.93886,1004,3045
1015,1 49 263,11,6.93886,626,3045
1015,1 50 236,11,6.93886,574,3045
1015,1 50 441,11,6.93886,984,3045
1015,1 54 148,11,6.93886,406,3045
1015,1 56 126,11,6.93886,366,3045
1015,1 56 135,11,6.93886,384,3045
1015,1 56 404,11,6.93886,922,3045
1015,1 59 186,11,6.93886,492,3045
1015,1 60 96,11,6.93886,314,3045
1015,1 60 486,11,6.93886,1094,3045
1015,1 63 173,11,6.93886,474,3045
1015,1 64 455,11,6.93886,1040,3045
1015,1 65 77,11,6.93886,286,3045
1015,1 65 466,11,6.93886,1064,3045
1015,1 66 347,11,6.93886,828,3045
1015,1 67 151,11,6.93886,438,3045
1015,1 68 486,11,6.93886,1110,3045
1015,1 68 500,11,6.93886,1138,3045
1015,1 72 347,11,6.93886,840,3045
1015,1 74 163,11,6.93886,476,3045
1015,1 74 380,11,6.93886,910,3045
1015,1 76 107,11,6.93886,368,3045
1015,1 77 247,11,6.93886,650,3045
1015,1 78 303,11,6.93886,764,3045
1015,1 86 244,11,6.93886,662,3045
1015,1 88 469,11,6.93886,1116,3045
1015,1 89 141,11,6.93886,462,3045
1015,1 94 298,11,6.93886,786,3045
1015,1 96 423,11,6.93886,1040,3045
1015,1 98 418,11,6.93886,1034,3045
1015,1 102 485,11,6.93886,1176,3045
1015,1 104 191,11,6.93886,592,3045
1015,1 108 355,11,6.93886,928,3045
1015,1 108 500,11,6.93886,1218,3045
1015,1 109 175,11,6.93886,570,3045
1015,1 111 245,11,6.93886,714,3045
1015,1 116 426,11,6.93886,1086,3045
1015,1 117 304,11,6.93886,844,3045
1015,1 117 398,11,6.93886,1032,3045
1015,1 119 206,11,6.93886,652,3045
1015,1 125 474,11,6.93886,1200,3045
1015,1 135 492,11,6.93886,1256,3045
1015,1 136 160,11,6.93886,594,3045
1015,1 143 313,11,6.93886,914,3045
1015,1 143 332,11,6.93886,952,3045
1015,1 148 500,11,6.93886,1298,3045
1015,1 149 315,11,6.93886,930,3045
1015,1 155 262,11,6.93886,836,3045
1015,1 159 185,11,6.93886,690,3045
1015,1 160 440,11,6.93886,1202,3045
1015,1 162 297,11,6.93886,920,3045
1015,1 165 217,11,6.93886,766,3045
1015,1 165 475,11,6.93886,1282,3045
1015,1 166 287,11,6.93886,908,3045
1015,1 168 461,11,6.93886,1260,3045
1015,1 171 307,11,6.93886,958,3045
1015,1 184 352,11,6.93886,1074,3045
1015,1 185 447,11,6.93886,1266,3045
1015,1 186 344,11,6.93886,1062,3045
1015,1 186 420,11,6.93886,1214,3045
1015,1 190 432,11,6.93886,1246,3045
1015,1 191 271,11,6.93886,926,3045
1015,1 192 236,11,6.93886,858,3045
1015,1 206 239,11,6.93886,892,3045
1015,1 214 385,11,6.93886,1200,3045
1015,1 214 497,11,6.93886,1424,3045
1015,1 220 256,11,6.93886,954,3045
1015,1 231 271,11,6.93886,1006,3045
1015,1 231 304,11,6.93886,1072,3045
1015,1 231 420,11,6.93886,1304,3045
1015,1 240 306,11,6.93886,1094,3045
1015,1 242 305,11,6.93886,1096,3045
1015,1 251 462,11,6.93886,1428,3045
1015,1 266 284,11,6.93886,1102,3045
1015,1 270 485,11,6.93886,1512,3045
1015,1 274 319,11,6.93886,1188,3045
1015,1 280 360,11,6.93886,1282,3045
1015,1 281 331,11,6.93886,1226,3045
1015,1 282 322,11,6.93886,1210,3045
1015,1 294 411,11,6.93886,1412,3045
1015,1 301 425,11,6.93886,1454,3045
1015,1 305 465,11,6.93886,1542,3045
1015,1 330 390,11,6.93886,1442,3045
1015,1 335 462,11,6.93886,1596,3045
1015,1 350 460,11,6.93886,1622,3045
1015,1 362 374,11,6.93886,1474,3045
1015,1 362 414,11,6.93886,1554,3045
1015,1 366 419,11,6.93886,1572,3045
1015,1 375 409,11,6.93886,1570,3045
1015,1 377 476,11,6.93886,1708,3045
1015,1 12 427,11,6.94083,880,3045
1015,1 15 271,11,6.94083,574,3045
1015,1 18 149,11,6.94083,336,3045
1015,1 19 445,11,6.94083,930,3045
1015,1 22 122,11,6.94083,290,3045
1015,1 23 263,11,6.94083,574,3045
1015,1 25 367,11,6.94083,786,3045
1015,1 26 115,11,6.94083,284,3045
1015,1 30 133,11,6.94083,328,3045
1015,1 30 256,11,6.94083,574,3045
1015,1 30 374,11,6.94083,810,3045
1015,1 38 200,11,6.94083,478,3045
1015,1 39 425,11,6.94083,930,3045
1015,1 41 112,11,6.94083,308,3045
1015,1 41 361,11,6.94083,806,3045
1015,1 45 206,11,6.94083,504,3045
1015,1 46 376,11,6.94083,846,3045
1015,1 49 167,11,6.94083,434,3045
1015,1 49 423,11,6.94083,946,3045
1015,1 54 351,11,6.94083,812,3045
1015,1 55 207,11,6.94083,526,3045
1015,1 57 185,11,6.94083,486,3045
1015,1 65 462,11,6.94083,1056,3045
1015,1 68 109,11,6.94083,356,3045
1015,1 73 229,11,6.94083,606,3045
1015,1 74 305,11,6.94083,760,3045
1015,1 77 99,11,6.94083,354,3045
1015,1 77 454,11,6.94083,1064,3045
1015,1 80 263,11,6.94083,688,3045
1015,1 81 140,11,6.94083,444,3045
1015,1 84 404,11,6.94083,978,3045
1015,1 85 357,11,6.94083,886,3045
1015,1 90 500,11,6.94083,1182,3045
1015,1 94 501,11,6.94083,1192,3045
1015,1 95 227,11,6.94083,646,3045
1015,1 96 155,11,6.94083,504,3045
1015,1 99 214,11,6.94083,628,3045
1015,1 105 238,11,6.94083,688,3045
1015,1 105 460,11,6.94083,1132,3045
1015,1 110 207,11,6.94083,636,3045
1015,1 110 389,11,6.94083,1000,3045
1015,1 112 273,11,6.94083,772,3045
1015,1 116 135,11,6.94083,504,3045
1015,1 116 487,11,6.94083,1208,3045
1015,1 122 292,11,6.94083,830,3045
1015,1 126 459,11,6.94083,1172,3045
1015,1 126 491,11,6.94083,1236,3045
1015,1 128 239,11,6.94083,736,3045
1015,1 135 195,11,6.94083,662,3045
1015,1 135 233,11,6.94083,738,3045
1015,1 139 355,11,6.94083,990,3045
1015,1 152 240,11,6.94083,786,3045
1015,1 152 320,11,6.94083,946,3045
1015,1 152 480,11,6.94083,1266,3045
1015,1 155 187,11,6.94083,686,3045
1015,1 156 454,11,6.94083,1222,3045
1015,1 158 300,11,6.94083,918,3045
1015,1 161 304,11,6.94083,932,3045
1015,1 164 208,11,6.94083,746,3045
1015,1 165 200,11,6.94083,732,3045
1015,1 166 194,11,6.94083,722,3045
1015,1 166 404,11,6.94083,1142,3045
1015,1 168 195,11,6.94083,728,3045
1015,1 175 474,11,6.94083,1300,3045
1015,1 177 365,11,6.94083,1086,3045
1015,1 179 323,11,6.94083,1006,3045
1015,1 180 314,11,6.94083,990,3045
1015,1 181 214,11,6.94083,792,3045
1015,1 189 429,11,6.94083,1238,3045
1015,1 198 232,11,6.94083,862,3045
1015,1 198 377,11,6.94083,1152,3045
1015,1 205 234,11,6.94083,880,3045
1015,1 207 265,11,6.94083,946,3045
1015,1 208 499,11,6.94083,1416,3045
1015,1 212 345,11,6.94083,1116,3045
1015,1 226 325,11,6.94083,1104,3045
1015,1 235 325,11,6.94083,1122,3045
1015,1 246 469,11,6.94083,1432,3045
1015,1 247 409,11,6.94083,1314,3045
1015,1 247 475,11,6.94083,1446,3045
1015,1 259 429,11,6.94083,1378,3045
1015,1 261 322,11,6.94083,1168,3045
1015,1 281 377,11,6.94083,1318,3045
1015,1 282 403,11,6.94083,1372,3045
1015,1 286 304,11,6.94083,1182,3045
1015,1 295 345,11,6.94083,1282,3045
1015,1 300 313,11,6.94083,1228,3045
1015,1 300 318,11,6.94083,1238,3045
1015,1 305 394,11,6.94083,1400,3045
1015,1 315 401,11,6.94083,1434,3045
1015,1 319 487,11,6.94083,1614,3045
1015,1 320 490,11,6.94083,1622,3045
1015,1 331 389,11,6.94083,1442,3045
1015,1 334 465,11,6.94083,1600,3045
1015,1 344 387,11,6.94083,1464,3045
1015,1 348 483,11,6.94083,1664,3045
1015,1 351 378,11,6.94083,1460,3045
1015,1 353 474,11,6.94083,1656,3045
1015,1 377 419,11,6.94083,1594,3045
1015,1 14 121,11,6.9428,272,3045
1015,1 15 128,11,6.9428,288,3045
1015,1 15 366,11,6.9428,764,3045
1015,1 17 110,11,6.9428,256,3045
1015,1 17 126,11,6.9428,288,3045
1015,1 17 128,11,6.9428,292,3045
1015,1 17 144,11,6.9428,324,3045
1015,1 17 146,11,6.9428,328,3045
1015,1 17 162,11,6.9428,360,3045
1015,1 17 188,11,6.9428,412,3045
1015,1 17 452,11,6.9428,940,3045
1015,1 20 213,11,6.9428,468,3045
1015,1 21 459,11,6.9428,962,3045
1015,1 22 399,11,6.9428,844,3045
1015,1 23 126,11,6.9428,300,3045
1015,1 23 364,11,6.9428,776,3045
1015,1 25 269,11,6.9428,590,3045
1015,1 25 437,11,6.9428,926,3045
1015,1 25 440,11,6.9428,932,3045
1015,1 26 361,11,6.9428,776,3045
1015,1 26 436,11,6.9428,926,3045
1015,1 27 143,11,6.9428,342,3045
1015,1 27 459,11,6.9428,974,3045
1015,1 28 323,11,6.9428,704,3045
1015,1 28 371,11,6.9428,800,3045
1015,1 28 392,11,6.9428,842,3045
1015,1 28 456,11,6.9428,970,3045
1015,1 29 135,11,6.9428,330,3045
1015,1 30 421,11,6.9428,904,3045
1015,1 31 194,11,6.9428,452,3045
1015,1 32 240,11,6.9428,546,3045
1015,1 33 453,11,6.9428,974,3045
1015,1 34 112,11,6.9428,294,3045
1015,1 35 266,11,6.9428,604,3045
1015,1 39 131,11,6.9428,342,3045
1015,1 39 251,11,6.9428,582,3045
1015,1 41 231,11,6.9428,546,3045
1015,1 42 301,11,6.9428,688,3045
1015,1 45 426,11,6.9428,944,3045
1015,1 47 251,11,6.9428,598,3045
1015,1 47 316,11,6.9428,728,3045
1015,1 50 467,11,6.9428,1036,3045
1015,1 55 143,11,6.9428,398,3045
1015,1 55 208,11,6.9428,528,3045
1015,1 63 209,11,6.9428,546,3045
1015,1 68 377,11,6.9428,892,3045
1015,1 69 98,11,6.9428,336,3045
1015,1 71 344,11,6.9428,832,3045
1015,1 72 230,11,6.9428,606,3045
1015,1 74 267,11,6.9428,684,3045
1015,1 76 259,11,6.9428,672,3045
1015,1 76 276,11,6.9428,706,3045
1015,1 79 265,11,6.9428,690,3045
1015,1 79 344,11,6.9428,848,3045
1015,1 80 181,11,6.9428,524,3045
1015,1 82 349,11,6.9428,864,3045
1015,1 82 457,11,6.9428,1080,3045
1015,1 83 143,11,6.9428,454,3045
1015,1 84 151,11,6.9428,472,3045
1015,1 85 137,11,6.9428,446,3045
1015,1 93 106,11,6.9428,400,3045
1015,1 96 257,11,6.9428,708,3045
1015,1 99 476,11,6.9428,1152,3045
1015,1 101 191,11,6.9428,586,3045
1015,1 102 231,11,6.9428,668,3045
1015,1 106 123,11,6.9428,460,3045
1015,1 106 251,11,6.9428,716,3045
1015,1 107 390,11,6.9428,996,3045
1015,1 108 297,11,6.9428,812,3045
1015,1 108 382,11,6.9428,982,3045
1015,1 112 418,11,6.9428,1062,3045
1015,1 112 420,11,6.9428,1066,3045
1015,1 114 471,11,6.9428,1172,3045
1015,1 119 434,11,6.9428,1108,3045
1015,1 122 395,11,6.9428,1036,3045
1015,1 126 239,11,6.9428,732,3045
1015,1 126 429,11,6.9428,1112,3045
1015,1 128 144,11,6.9428,546,3045
1015,1 128 146,11,6.9428,550,3045
1015,1 128 273,11,6.9428,804,3045
1015,1 128 325,11,6.9428,908,3045
1015,1 128 418,11,6.9428,1094,3045
1015,1 128 436,11,6.9428,1130,3045
1015,1 128 452,11,6.9428,1162,3045
1015,1 140 237,11,6.9428,756,3045
1015,1 142 469,11,6.9428,1224,3045
1015,1 144 307,11,6.9428,904,3045
1015,1 144 409,11,6.9428,1108,3045
1015,1 144 461,11,6.9428,1212,3045
1015,1 146 316,11,6.9428,926,3045
1015,1 146 418,11,6.9428,1130,3045
1015,1 146 452,11,6.9428,1198,3045
1015,1 146 461,11,6.9428,1216,3045
1015,1 147 408,11,6.9428,1112,3045
1015,1 147 497,11,6.9428,1290,3045
1015,1 150 274,11,6.9428,850,3045
1015,1 150 275,11,6.9428,852,3045
1015,1 159 182,11,6.9428,684,3045
1015,1 161 224,11,6.9428,772,3045
1015,1 162 289,11,6.9428,904,3045
1015,1 162 434,11,6.9428,1194,3045
1015,1 162 452,11,6.9428,1230,3045
1015,1 163 355,11,6.9428,1038,3045
1015,1 166 215,11,6.9428,764,3045
1015,1 168 477,11,6.9428,1292,3045
1015,1 171 291,11,6.9428,926,3045
1015,1 174 480,11,6.9428,1310,3045
1015,1 174 482,11,6.9428,1314,3045
1015,1 175 197,11,6.9428,746,3045
1015,1 176 205,11,6.9428,764,3045
1015,1 179 201,11,6.9428,762,3045
1015,1 181 386,11,6.9428,1136,3045
1015,1 182 193,11,6.9428,752,3045
1015,1 182 353,11,6.9428,1072,3045
1015,1 183 294,11,6.9428,956,3045
1015,1 184 251,11,6.9428,872,3045
1015,1 186 499,11,6.9428,1372,3045
1015,1 188 494,11,6.9428,1366,3045
1015,1 190 294,11,6.9428,970,3045
1015,1 190 500,11,6.9428,1382,3045
1015,1 197 250,11,6.9428,896,3045
1015,1 198 349,11,6.9428,1096,3045
1015,1 205 467,11,6.9428,1346,3045
1015,1 213 500,11,6.9428,1428,3045
1015,1 214 335,11,6.9428,1100,3045
1015,1 216 458,11,6.9428,1350,3045
1015,1 222 500,11,6.9428,1446,3045
1015,1 225 318,11,6.9428,1088,3045
1015,1 232 398,11,6.9428,1262,3045
1015,1 233 355,11,6.9428,1178,3045
1015,1 234 327,11,6.9428,1124,3045
1015,1 237 380,11,6.9428,1236,3045
1015,1 238 335,11,6.9428,1148,3045
1015,1 239 286,11,6.9428,1052,3045
1015,1 239 404,11,6.9428,1288,3045
1015,1 249 301,11,6.9428,1102,3045
1015,1 251 329,11,6.9428,1162,3045
1015,1 251 396,11,6.9428,1296,3045
1015,1 251 474,11,6.9428,1452,3045
1015,1 264 289,11,6.9428,1108,3045
1015,1 273 307,11,6.9428,1162,3045
1015,1 273 434,11,6.9428,1416,3045
1015,1 275 452,11,6.9428,1456,3045
1015,1 286 465,11,6.9428,1504,3045
1015,1 289 418,11,6.9428,1416,3045
1015,1 289 452,11,6.9428,1484,3045
1015,1 289 461,11,6.9428,1502,3045
1015,1 291 307,11,6.9428,1198,3045
1015,1 291 418,11,6.9428,1420,3045
1015,1 291 461,11,6.9428,1506,3045
1015,1 294 350,11,6.9428,1290,3045
1015,1 298 316,11,6.9428,1230,3045
1015,1 301 344,11,6.9428,1292,3045
1015,1 304 424,11,6.9428,1458,3045
1015,1 304 428,11,6.9428,1466,3045
1015,1 305 418,11,6.9428,1448,3045
1015,1 305 424,11,6.9428,1460,3045
1015,1 307 418,11,6.9428,1452,3045
1015,1 308 427,11,6.9428,1472,3045
1015,1 312 498,11,6.9428,1622,3045
1015,1 319 403,11,6.9428,1446,3045
1015,1 325 452,11,6.9428,1556,3045
1015,1 332 440,11,6.9428,1546,3045
1015,1 334 402,11,6.9428,1474,3045
1015,1 343 441,11,6.9428,1570,3045
1015,1 352 461,11,6.9428,1628,3045
1015,1 353 413,11,6.9428,1534,3045
1015,1 362 376,11,6.9428,1478,3045
1015,1 362 390,11,6.9428,1506,3045
1015,1 362 404,11,6.9428,1534,3045
1015,1 364 414,11,6.9428,1558,3045
1015,1 364 481,11,6.9428,1692,3045
1015,1 14 295,11,6.94477,620,3045
1015,1 15 311,11,6.94477,654,3045
1015,1 16 378,11,6.94477,790,3045
1015,1 16 441,11,6.94477,916,3045
1015,1 17 112,11,6.94477,260,3045
1015,1 17 281,11,6.94477,598,3045
1015,1 18 377,11,6.94477,792,3045
1015,1 18 419,11,6.94477,876,3045
1015,1 20 185,11,6.94477,412,3045
1015,1 21 137,11,6.94477,318,3045
1015,1 22 163,11,6.94477,372,3045
1015,1 24 404,11,6.94477,858,3045
1015,1 25 394,11,6.94477,840,3045
1015,1 26 168,11,6.94477,390,3045
1015,1 31 137,11,6.94477,338,3045
1015,1 33 143,11,6.94477,354,3045
1015,1 33 324,11,6.94477,716,3045
1015,1 39 462,11,6.94477,1004,3045
1015,1 41 416,11,6.94477,916,3045
1015,1 42 344,11,6.94477,774,3045
1015,1 44 469,11,6.94477,1028,3045
1015,1 45 190,11,6.94477,472,3045
1015,1 45 245,11,6.94477,582,3045
1015,1 45 431,11,6.94477,954,3045
1015,1 46 302,11,6.94477,698,3045
1015,1 49 179,11,6.94477,458,3045
1015,1 53 471,11,6.94477,1050,3045
1015,1 54 75,11,6.94477,260,3045
1015,1 54 368,11,6.94477,846,3045
1015,1 55 94,11,6.94477,300,3045
1015,1 55 257,11,6.94477,626,3045
1015,1 57 442,11,6.94477,1000,3045
1015,1 60 73,11,6.94477,268,3045
1015,1 60 221,11,6.94477,564,3045
1015,1 60 501,11,6.94477,1124,3045
1015,1 61 471,11,6.94477,1066,3045
1015,1 62 489,11,6.94477,1104,3045
1015,1 66 415,11,6.94477,964,3045
1015,1 70 120,11,6.94477,382,3045
1015,1 73 165,11,6.94477,478,3045
1015,1 73 481,11,6.94477,1110,3045
1015,1 77 140,11,6.94477,436,3045
1015,1 80 330,11,6.94477,822,3045
1015,1 81 359,11,6.94477,882,3045
1015,1 82 94,11,6.94477,354,3045
1015,1 85 228,11,6.94477,628,3045
1015,1 85 285,11,6.94477,742,3045
1015,1 87 112,11,6.94477,400,3045
1015,1 91 110,11,6.94477,404,3045
1015,1 91 444,11,6.94477,1072,3045
1015,1 91 499,11,6.94477,1182,3045
1015,1 93 249,11,6.94477,686,3045
1015,1 93 329,11,6.94477,846,3045
1015,1 95 110,11,6.94477,412,3045
1015,1 95 312,11,6.94477,816,3045
1015,1 97 377,11,6.94477,950,3045
1015,1 99 431,11,6.94477,1062,3045
1015,1 100 281,11,6.94477,764,3045
1015,1 100 390,11,6.94477,982,3045
1015,1 100 480,11,6.94477,1162,3045
1015,1 102 191,11,6.94477,588,3045
1015,1 104 122,11,6.94477,454,3045
1015,1 112 128,11,6.94477,482,3045
1015,1 112 138,11,6.94477,502,3045
1015,1 112 239,11,6.94477,704,3045
1015,1 112 501,11,6.94477,1228,3045
1015,1 114 420,11,6.94477,1070,3045
1015,1 117 207,11,6.94477,650,3045
1015,1 119 348,11,6.94477,936,3045
1015,1 120 471,11,6.94477,1184,3045
1015,1 121 494,11,6.94477,1232,3045
1015,1 123 267,11,6.94477,782,3045
1015,1 123 334,11,6.94477,916,3045
1015,1 124 335,11,6.94477,920,3045
1015,1 125 217,11,6.94477,686,3045
1015,1 126 325,11,6.94477,904,3045
1015,1 126 346,11,6.94477,946,3045
1015,1 126 418,11,6.94477,1090,3045
1015,1 126 452,11,6.94477,1158,3045
1015,1 128 142,11,6.94477,542,3045
1015,1 131 323,11,6.94477,910,3045
1015,1 132 415,11,6.94477,1096,3045
1015,1 138 450,11,6.94477,1178,3045
1015,1 150 212,11,6.94477,726,3045
1015,1 151 499,11,6.94477,1302,3045
1015,1 152 486,11,6.94477,1278,3045
1015,1 154 366,11,6.94477,1042,3045
1015,1 156 179,11,6.94477,672,3045
1015,1 156 217,11,6.94477,748,3045
1015,1 156 225,11,6.94477,764,3045
1015,1 156 280,11,6.94477,874,3045
1015,1 158 242,11,6.94477,802,3045
1015,1 158 355,11,6.94477,1028,3045
1015,1 161 228,11,6.94477,780,3045
1015,1 163 378,11,6.94477,1084,3045
1015,1 171 401,11,6.94477,1146,3045
1015,1 174 235,11,6.94477,820,3045
1015,1 174 293,11,6.94477,936,3045
1015,1 179 376,11,6.94477,1112,3045
1015,1 180 223,11,6.94477,808,3045
1015,1 182 382,11,6.94477,1130,3045
1015,1 184 311,11,6.94477,992,3045
1015,1 185 266,11,6.94477,904,3045
1015,1 186 296,11,6.94477,966,3045
1015,1 186 313,11,6.94477,1000,3045
1015,1 189 269,11,6.94477,918,3045
1015,1 190 245,11,6.94477,872,3045
1015,1 190 334,11,6.94477,1050,3045
1015,1 191 304,11,6.94477,992,3045
1015,1 193 344,11,6.94477,1076,3045
1015,1 196 476,11,6.94477,1346,3045
1015,1 200 234,11,6.94477,870,3045
1015,1 208 317,11,6.94477,1052,3045
1015,1 210 276,11,6.94477,974,3045
1015,1 210 501,11,6.94477,1424,3045
1015,1 212 461,11,6.94477,1348,3045
1015,1 217 330,11,6.94477,1096,3045
1015,1 218 245,11,6.94477,928,3045
1015,1 225 275,11,6.94477,1002,3045
1015,1 227 408,11,6.94477,1272,3045
1015,1 234 362,11,6.94477,1194,3045
1015,1 236 347,11,6.94477,1168,3045
1015,1 239 452,11,6.94477,1384,3045
1015,1 240 317,11,6.94477,1116,3045
1015,1 244 333,11,6.94477,1156,3045
1015,1 245 396,11,6.94477,1284,3045
1015,1 251 432,11,6.94477,1368,3045
1015,1 261 282,11,6.94477,1088,3045
1015,1 262 447,11,6.94477,1420,3045
1015,1 264 280,11,6.94477,1090,3045
1015,1 265 292,11,6.94477,1116,3045
1015,1 265 333,11,6.94477,1198,3045
1015,1 277 383,11,6.94477,1322,3045
1015,1 282 418,11,6.94477,1402,3045
1015,1 285 419,11,6.94477,1410,3045
1015,1 285 465,11,6.94477,1502,3045
1015,1 292 382,11,6.94477,1350,3045
1015,1 292 475,11,6.94477,1536,3045
1015,1 310 359,11,6.94477,1340,3045
1015,1 311 448,11,6.94477,1520,3045
1015,1 311 499,11,6.94477,1622,3045
1015,1 326 420,11,6.94477,1494,3045
1015,1 331 492,11,6.94477,1648,3045
1015,1 350 439,11,6.94477,1580,3045
1015,1 354 498,11,6.94477,1706,3045
1015,1 357 444,11,6.94477,1604,3045
1015,1 359 462,11,6.94477,1644,3045
1015,1 359 501,11,6.94477,1722,3045
1015,1 360 446,11,6.94477,1614,3045
1015,1 12 160,11,6.94675,346,3045
1015,1 16 456,11,6.94675,946,3045
1015,1 17 421,11,6.94675,878,3045
1015,1 17 434,11,6.94675,904,3045
1015,1 18 133,11,6.94675,304,3045
1015,1 21 313,11,6.94675,670,3045
1015,1 23 311,11,6.94675,670,3045
1015,1 25 139,11,6.94675,330,3045
1015,1 25 309,11,6.94675,670,3045
1015,1 25 358,11,6.94675,768,3045
1015,1 26 216,11,6.94675,486,3045
1015,1 26 243,11,6.94675,540,3045
1015,1 30 109,11,6.94675,280,3045
1015,1 33 241,11,6.94675,550,3045
1015,1 33 313,11,6.94675,694,3045
1015,1 33 447,11,6.94675,962,3045
1015,1 34 334,11,6.94675,738,3045
1015,1 35 311,11,6.94675,694,3045
1015,1 35 424,11,6.94675,920,3045
1015,1 37 250,11,6.94675,576,3045
1015,1 39 304,11,6.94675,688,3045
1015,1 39 342,11,6.94675,764,3045
1015,1 43 117,11,6.94675,322,3045
1015,1 47 493,11,6.94675,1082,3045
1015,1 49 282,11,6.94675,664,3045
1015,1 51 171,11,6.94675,446,3045
1015,1 52 89,11,6.94675,284,3045
1015,1 53 176,11,6.94675,460,3045
1015,1 55 312,11,6.94675,736,3045
1015,1 56 458,11,6.94675,1030,3045
1015,1 62 79,11,6.94675,284,3045
1015,1 64 245,11,6.94675,620,3045
1015,1 65 75,11,6.94675,282,3045
1015,1 65 183,11,6.94675,498,3045
1015,1 69 88,11,6.94675,316,3045
1015,1 69 89,11,6.94675,318,3045
1015,1 71 123,11,6.94675,390,3045
1015,1 73 260,11,6.94675,668,3045
1015,1 75 257,11,6.94675,666,3045
1015,1 79 102,11,6.94675,364,3045
1015,1 79 280,11,6.94675,720,3045
1015,1 80 501,11,6.94675,1164,3045
1015,1 82 483,11,6.94675,1132,3045
1015,1 84 398,11,6.94675,966,3045
1015,1 85 412,11,6.94675,996,3045
1015,1 90 198,11,6.94675,578,3045
1015,1 90 243,11,6.94675,668,3045
1015,1 92 472,11,6.94675,1130,3045
1015,1 93 474,11,6.94675,1136,3045
1015,1 101 221,11,6.94675,646,3045
1015,1 102 424,11,6.94675,1054,3045
1015,1 108 464,11,6.94675,1146,3045
1015,1 111 210,11,6.94675,644,3045
1015,1 112 482,11,6.94675,1190,3045
1015,1 115 362,11,6.94675,956,3045
1015,1 117 139,11,6.94675,514,3045
1015,1 118 404,11,6.94675,1046,3045
1015,1 120 308,11,6.94675,858,3045
1015,1 121 274,11,6.94675,792,3045
1015,1 122 219,11,6.94675,684,3045
1015,1 123 171,11,6.94675,590,3045
1015,1 123 208,11,6.94675,664,3045
1015,1 124 344,11,6.94675,938,3045
1015,1 128 162,11,6.94675,582,3045
1015,1 128 307,11,6.94675,872,3045
1015,1 128 361,11,6.94675,980,3045
1015,1 133 493,11,6.94675,1254,3045
1015,1 137 359,11,6.94675,994,3045
1015,1 138 212,11,6.94675,702,3045
1015,1 138 375,11,6.94675,1028,3045
1015,1 143 176,11,6.94675,640,3045
1015,1 143 205,11,6.94675,698,3045
1015,1 144 452,11,6.94675,1194,3045
1015,1 149 410,11,6.94675,1120,3045
1015,1 150 402,11,6.94675,1106,3045
1015,1 150 472,11,6.94675,1246,3045
1015,1 151 241,11,6.94675,786,3045
1015,1 152 501,11,6.94675,1308,3045
1015,1 153 260,11,6.94675,828,3045
1015,1 155 325,11,6.94675,962,3045
1015,1 155 372,11,6.94675,1056,3045
1015,1 156 300,11,6.94675,914,3045
1015,1 156 367,11,6.94675,1048,3045
1015,1 158 487,11,6.94675,1292,3045
1015,1 158 489,11,6.94675,1296,3045
1015,1 162 436,11,6.94675,1198,3045
1015,1 163 353,11,6.94675,1034,3045
1015,1 164 234,11,6.94675,798,3045
1015,1 172 387,11,6.94675,1120,3045
1015,1 173 243,11,6.94675,834,3045
1015,1 174 409,11,6.94675,1168,3045
1015,1 177 207,11,6.94675,770,3045
1015,1 179 455,11,6.94675,1270,3045
1015,1 180 305,11,6.94675,972,3045
1015,1 181 198,11,6.94675,760,3045
1015,1 184 249,11,6.94675,868,3045
1015,1 184 302,11,6.94675,974,3045
1015,1 185 487,11,6.94675,1346,3045
1015,1 192 295,11,6.94675,976,3045
1015,1 194 472,11,6.94675,1334,3045
1015,1 195 279,11,6.94675,950,3045
1015,1 196 345,11,6.94675,1084,3045
1015,1 198 314,11,6.94675,1026,3045
1015,1 198 380,11,6.94675,1158,3045
1015,1 199 481,11,6.94675,1362,3045
1015,1 201 239,11,6.94675,882,3045
1015,1 205 292,11,6.94675,996,3045
1015,1 209 229,11,6.94675,878,3045
1015,1 210 475,11,6.94675,1372,3045
1015,1 211 470,11,6.94675,1364,3045
1015,1 212 286,11,6.94675,998,3045
1015,1 213 488,11,6.94675,1404,3045
1015,1 215 387,11,6.94675,1206,3045
1015,1 219 426,11,6.94675,1292,3045
1015,1 220 392,11,6.94675,1226,3045
1015,1 220 496,11,6.94675,1434,3045
1015,1 225 438,11,6.94675,1328,3045
1015,1 226 438,11,6.94675,1330,3045
1015,1 227 308,11,6.94675,1072,3045
1015,1 227 386,11,6.94675,1228,3045
1015,1 228 240,11,6.94675,938,3045
1015,1 228 384,11,6.94675,1226,3045
1015,1 230 247,11,6.94675,956,3045
1015,1 233 362,11,6.94675,1192,3045
1015,1 238 275,11,6.94675,1028,3045
1015,1 243 452,11,6.94675,1392,3045
1015,1 245 392,11,6.94675,1276,3045
1015,1 248 408,11,6.94675,1314,3045
1015,1 249 448,11,6.94675,1396,3045
1015,1 256 478,11,6.94675,1470,3045
1015,1 258 360,11,6.94675,1238,3045
1015,1 261 474,11,6.94675,1472,3045
1015,1 263 410,11,6.94675,1348,3045
1015,1 266 277,11,6.94675,1088,3045
1015,1 270 314,11,6.94675,1170,3045
1015,1 272 330,11,6.94675,1206,3045
1015,1 273 291,11,6.94675,1130,3045
1015,1 273 418,11,6.94675,1384,3045
1015,1 273 436,11,6.94675,1420,3045
1015,1 289 307,11,6.94675,1194,3045
1015,1 291 452,11,6.94675,1488,3045
1015,1 304 347,11,6.94675,1304,3045
1015,1 308 481,11,6.94675,1580,3045
1015,1 315 499,11,6.94675,1630,3045
1015,1 318 421,11,6.94675,1480,3045
1015,1 325 423,11,6.94675,1498,3045
1015,1 329 462,11,6.94675,1584,3045
1015,1 330 487,11,6.94675,1636,3045
1015,1 347 487,11,6.94675,1670,3045
1015,1 350 448,11,6.94675,1598,3045
1015,1 359 385,11,6.94675,1490,3045
1015,1 378 410,11,6.94675,1578,3045
1015,1 380 400,11,6.94675,1562,3045
1015,1 382 398,11,6.94675,1562,3045
1015,1 11 283,11,6.94872,590,3045
1015,1 14 297,11,6.94872,624,3045
1015,1 17 130,11,6.94872,296,3045
1015,1 17 307,11,6.94872,650,3045
1015,1 17 436,11,6.94872,908,3045
1015,1 19 237,11,6.94872,514,3045
1015,1 21 156,11,6.94872,356,3045
1015,1 21 235,11,6.94872,514,3045
1015,1 21 440,11,6.94872,924,3045
1015,1 23 380,11,6.94872,808,3045
1015,1 29 223,11,6.94872,506,3045
1015,1 29 361,11,6.94872,782,3045
1015,1 40 288,11,6.94872,658,3045
1015,1 43 153,11,6.94872,394,3045
1015,1 43 328,11,6.94872,744,3045
1015,1 43 373,11,6.94872,834,3045
1015,1 44 272,11,6.94872,634,3045
1015,1 47 358,11,6.94872,812,3045
1015,1 48 224,11,6.94872,546,3045
1015,1 52 174,11,6.94872,454,3045
1015,1 52 246,11,6.94872,598,3045
1015,1 54 258,11,6.94872,626,3045
1015,1 56 235,11,6.94872,584,3045
1015,1 57 101,11,6.94872,318,3045
1015,1 57 184,11,6.94872,484,3045
1015,1 58 485,11,6.94872,1088,3045
1015,1 59 107,11,6.94872,334,3045
1015,1 59 287,11,6.94872,694,3045
1015,1 60 213,11,6.94872,548,3045
1015,1 67 86,11,6.94872,308,3045
1015,1 68 107,11,6.94872,352,3045
1015,1 68 463,11,6.94872,1064,3045
1015,1 72 83,11,6.94872,312,3045
1015,1 72 298,11,6.94872,742,3045
1015,1 73 463,11,6.94872,1074,3045
1015,1 74 102,11,6.94872,354,3045
1015,1 75 410,11,6.94872,972,3045
1015,1 76 246,11,6.94872,646,3045
1015,1 80 332,11,6.94872,826,3045
1015,1 80 382,11,6.94872,926,3045
1015,1 80 440,11,6.94872,1042,3045
1015,1 86 322,11,6.94872,818,3045
1015,1 89 404,11,6.94872,988,3045
1015,1 93 335,11,6.94872,858,3045
1015,1 94 108,11,6.94872,406,3045
1015,1 96 358,11,6.94872,910,3045
1015,1 103 348,11,6.94872,904,3045
1015,1 105 121,11,6.94872,454,3045
1015,1 107 440,11,6.94872,1096,3045
1015,1 114 371,11,6.94872,972,3045
1015,1 117 163,11,6.94872,562,3045
1015,1 118 134,11,6.94872,506,3045
1015,1 118 216,11,6.94872,670,3045
1015,1 118 369,11,6.94872,976,3045
1015,1 119 276,11,6.94872,792,3045
1015,1 126 165,11,6.94872,584,3045
1015,1 128 291,11,6.94872,840,3045
1015,1 128 434,11,6.94872,1126,3045
1015,1 132 232,11,6.94872,730,3045
1015,1 136 453,11,6.94872,1180,3045
1015,1 137 211,11,6.94872,698,3045
1015,1 139 263,11,6.94872,806,3045
1015,1 144 273,11,6.94872,836,3045
1015,1 147 352,11,6.94872,1000,3045
1015,1 148 343,11,6.94872,984,3045
1015,1 150 325,11,6.94872,952,3045
1015,1 151 385,11,6.94872,1074,3045
1015,1 153 373,11,6.94872,1054,3045
1015,1 157 491,11,6.94872,1298,3045
1015,1 160 353,11,6.94872,1028,3045
1015,1 162 273,11,6.94872,872,3045
1015,1 162 291,11,6.94872,908,3045
1015,1 166 319,11,6.94872,972,3045
1015,1 171 377,11,6.94872,1098,3045
1015,1 171 403,11,6.94872,1150,3045
1015,1 172 355,11,6.94872,1056,3045
1015,1 174 473,11,6.94872,1296,3045
1015,1 177 247,11,6.94872,850,3045
1015,1 179 261,11,6.94872,882,3045
1015,1 184 348,11,6.94872,1066,3045
1015,1 185 478,11,6.94872,1328,3045
1015,1 194 464,11,6.94872,1318,3045
1015,1 195 365,11,6.94872,1122,3045
1015,1 196 364,11,6.94872,1122,3045
1015,1 197 251,11,6.94872,898,3045
1015,1 197 317,11,6.94872,1030,3045
1015,1 200 377,11,6.94872,1156,3045
1015,1 201 292,11,6.94872,988,3045
1015,1 214 261,11,6.94872,952,3045
1015,1 219 420,11,6.94872,1280,3045
1015,1 220 377,11,6.94872,1196,3045
1015,1 237 398,11,6.94872,1272,3045
1015,1 239 491,11,6.94872,1462,3045
1015,1 241 280,11,6.94872,1044,3045
1015,1 246 332,11,6.94872,1158,3045
1015,1 251 453,11,6.94872,1410,3045
1015,1 257 461,11,6.94872,1438,3045
1015,1 258 365,11,6.94872,1248,3045
1015,1 258 408,11,6.94872,1334,3045
1015,1 260 440,11,6.94872,1402,3045
1015,1 261 281,11,6.94872,1086,3045
1015,1 261 419,11,6.94872,1362,3045
1015,1 265 358,11,6.94872,1248,3045
1015,1 267 301,11,6.94872,1138,3045
1015,1 269 437,11,6.94872,1414,3045
1015,1 272 484,11,6.94872,1514,3045
1015,1 273 289,11,6.94872,1126,3045
1015,1 273 452,11,6.94872,1452,3045
1015,1 278 488,11,6.94872,1534,3045
1015,1 279 347,11,6.94872,1254,3045
1015,1 280 308,11,6.94872,1178,3045
1015,1 283 346,11,6.94872,1260,3045
1015,1 298 312,11,6.94872,1222,3045
1015,1 303 332,11,6.94872,1272,3045
1015,1 304 349,11,6.94872,1308,3045
1015,1 306 437,11,6.94872,1488,3045
1015,1 307 434,11,6.94872,1484,3045
1015,1 310 363,11,6.94872,1348,3045
1015,1 314 367,11,6.94872,1364,3045
1015,1 319 499,11,6.94872,1638,3045
1015,1 322 498,11,6.94872,1642,3045
1015,1 325 380,11,6.94872,1412,3045
1015,1 333 374,11,6.94872,1416,3045
1015,1 344 414,11,6.94872,1518,3045
1015,1 348 488,11,6.94872,1674,3045
1015,1 349 479,11,6.94872,1658,3045
1015,1 356 393,11,6.94872,1500,3045
1015,1 364 425,11,6.94872,1580,3045
1015,1 364 475,11,6.94872,1680,3045
1015,1 366 428,11,6.94872,1590,3045
1015,1 371 501,11,6.94872,1746,3045
1015,1 12 154,11,6.95069,334,3045
1015,1 13 112,11,6.95069,252,3045
1015,1 17 429,11,6.95069,894,3045
1015,1 19 310,11,6.95069,660,3045
1015,1 21 439,11,6.95069,922,3045
1015,1 21 448,11,6.95069,940,3045
1015,1 26 190,11,6.95069,434,3045
1015,1 27 430,11,6.95069,916,3045
1015,1 28 158,11,6.95069,374,3045
1015,1 30 102,11,6.95069,266,3045
1015,1 30 410,11,6.95069,882,3045
1015,1 31 241,11,6.95069,546,3045
1015,1 34 377,11,6.95069,824,3045
1015,1 39 305,11,6.95069,690,3045
1015,1 40 144,11,6.95069,370,3045
1015,1 40 355,11,6.95069,792,3045
1015,1 40 436,11,6.95069,954,3045
1015,1 41 237,11,6.95069,558,3045
1015,1 43 197,11,6.95069,482,3045
1015,1 46 256,11,6.95069,606,3045
1015,1 47 427,11,6.95069,950,3045
1015,1 48 156,11,6.95069,410,3045
1015,1 49 158,11,6.95069,416,3045
1015,1 49 176,11,6.95069,452,3045
1015,1 49 468,11,6.95069,1036,3045
1015,1 50 394,11,6.95069,890,3045
1015,1 52 119,11,6.95069,344,3045
1015,1 52 248,11,6.95069,602,3045
1015,1 53 309,11,6.95069,726,3045
1015,1 58 151,11,6.95069,420,3045
1015,1 59 96,11,6.95069,312,3045
1015,1 60 350,11,6.95069,822,3045
1015,1 60 408,11,6.95069,938,3045
1015,1 63 167,11,6.95069,462,3045
1015,1 64 89,11,6.95069,308,3045
1015,1 68 493,11,6.95069,1124,3045
1015,1 74 306,11,6.95069,762,3045
1015,1 78 399,11,6.95069,956,3045
1015,1 83 101,11,6.95069,370,3045
1015,1 85 104,11,6.95069,380,3045
1015,1 85 495,11,6.95069,1162,3045
1015,1 86 136,11,6.95069,446,3045
1015,1 87 121,11,6.95069,418,3045
1015,1 90 288,11,6.95069,758,3045
1015,1 92 212,11,6.95069,610,3045
1015,1 99 118,11,6.95069,436,3045
1015,1 102 496,11,6.95069,1198,3045
1015,1 105 144,11,6.95069,500,3045
1015,1 105 289,11,6.95069,790,3045
1015,1 106 131,11,6.95069,476,3045
1015,1 108 441,11,6.95069,1100,3045
1015,1 111 271,11,6.95069,766,3045
1015,1 115 159,11,6.95069,550,3045
1015,1 117 211,11,6.95069,658,3045
1015,1 119 214,11,6.95069,668,3045
1015,1 125 398,11,6.95069,1048,3045
1015,1 128 269,11,6.95069,796,3045
1015,1 133 496,11,6.95069,1260,3045
1015,1 137 347,11,6.95069,970,3045
1015,1 148 257,11,6.95069,812,3045
1015,1 154 212,11,6.95069,734,3045
1015,1 154 259,11,6.95069,828,3045
1015,1 157 279,11,6.95069,874,3045
1015,1 158 326,11,6.95069,970,3045
1015,1 158 366,11,6.95069,1050,3045
1015,1 163 279,11,6.95069,886,3045
1015,1 164 280,11,6.95069,890,3045
1015,1 165 389,11,6.95069,1110,3045
1015,1 166 469,11,6.95069,1272,3045
1015,1 174 268,11,6.95069,886,3045
1015,1 175 229,11,6.95069,810,3045
1015,1 178 493,11,6.95069,1344,3045
1015,1 179 312,11,6.95069,984,3045
1015,1 179 495,11,6.95069,1350,3045
1015,1 182 423,11,6.95069,1212,3045
1015,1 188 360,11,6.95069,1098,3045
1015,1 190 363,11,6.95069,1108,3045
1015,1 201 443,11,6.95069,1290,3045
1015,1 205 466,11,6.95069,1344,3045
1015,1 206 479,11,6.95069,1372,3045
1015,1 209 377,11,6.95069,1174,3045
1015,1 211 368,11,6.95069,1160,3045
1015,1 212 238,11,6.95069,902,3045
1015,1 212 452,11,6.95069,1330,3045
1015,1 213 310,11,6.95069,1048,3045
1015,1 217 488,11,6.95069,1412,3045
1015,1 218 233,11,6.95069,904,3045
1015,1 219 316,11,6.95069,1072,3045
1015,1 225 482,11,6.95069,1416,3045
1015,1 226 246,11,6.95069,946,3045
1015,1 230 374,11,6.95069,1210,3045
1015,1 230 375,11,6.95069,1212,3045
1015,1 230 398,11,6.95069,1258,3045
1015,1 239 488,11,6.95069,1456,3045
1015,1 244 440,11,6.95069,1370,3045
1015,1 250 291,11,6.95069,1084,3045
1015,1 250 310,11,6.95069,1122,3045
1015,1 250 434,11,6.95069,1370,3045
1015,1 257 328,11,6.95069,1172,3045
1015,1 257 395,11,6.95069,1306,3045
1015,1 259 326,11,6.95069,1172,3045
1015,1 261 403,11,6.95069,1330,3045
1015,1 266 298,11,6.95069,1130,3045
1015,1 266 360,11,6.95069,1254,3045
1015,1 270 363,11,6.95069,1268,3045
1015,1 278 422,11,6.95069,1402,3045
1015,1 287 453,11,6.95069,1482,3045
1015,1 288 395,11,6.95069,1368,3045
1015,1 289 395,11,6.95069,1370,3045
1015,1 291 475,11,6.95069,1534,3045
1015,1 301 325,11,6.95069,1254,3045
1015,1 304 318,11,6.95069,1246,3045
1015,1 309 497,11,6.95069,1614,3045
1015,1 312 425,11,6.95069,1476,3045
1015,1 312 501,11,6.95069,1628,3045
1015,1 317 459,11,6.95069,1554,3045
1015,1 327 441,11,6.95069,1538,3045
1015,1 329 421,11,6.95069,1502,3045
1015,1 329 469,11,6.95069,1598,3045
1015,1 330 434,11,6.95069,1530,3045
1015,1 331 491,11,6.95069,1646,3045
1015,1 333 418,11,6.95069,1504,3045
1015,1 342 439,11,6.95069,1564,3045
1015,1 344 397,11,6.95069,1484,3045
1015,1 360 499,11,6.95069,1720,3045
1015,1 365 482,11,6.95069,1696,3045
1015,1 375 467,11,6.95069,1686,3045
1015,1 17 289,11,6.95266,614,3045
1015,1 17 418,11,6.95266,872,3045
1015,1 18 116,11,6.95266,270,3045
1015,1 19 177,11,6.95266,394,3045
1015,1 21 175,11,6.95266,394,3045
1015,1 22 160,11,6.95266,366,3045
1015,1 22 459,11,6.95266,964,3045
1015,1 23 274,11,6.95266,596,3045
1015,1 24 309,11,6.95266,668,3045
1015,1 27 118,11,6.95266,292,3045
1015,1 27 263,11,6.95266,582,3045
1015,1 28 101,11,6.95266,260,3045
1015,1 29 187,11,6.95266,434,3045
1015,1 29 402,11,6.95266,864,3045
1015,1 31 366,11,6.95266,796,3045
1015,1 35 148,11,6.95266,368,3045
1015,1 37 457,11,6.95266,990,3045
1015,1 38 87,11,6.95266,252,3045
1015,1 38 417,11,6.95266,912,3045
1015,1 38 475,11,6.95266,1028,3045
1015,1 42 387,11,6.95266,860,3045
1015,1 43 146,11,6.95266,380,3045
1015,1 43 434,11,6.95266,956,3045
1015,1 45 117,11,6.95266,326,3045
1015,1 48 350,11,6.95266,798,3045
1015,1 51 232,11,6.95266,568,3045
1015,1 53 85,11,6.95266,278,3045
1015,1 53 221,11,6.95266,550,3045
1015,1 55 460,11,6.95266,1032,3045
1015,1 57 473,11,6.95266,1062,3045
1015,1 58 71,11,6.95266,260,3045
1015,1 58 386,11,6.95266,890,3045
1015,1 58 457,11,6.95266,1032,3045
1015,1 59 257,11,6.95266,634,3045
1015,1 60 71,11,6.95266,264,3045
1015,1 63 303,11,6.95266,734,3045
1015,1 64 88,11,6.95266,306,3045
1015,1 64 114,11,6.95266,358,3045
1015,1 67 161,11,6.95266,458,3045
1015,1 67 323,11,6.95266,782,3045
1015,1 67 417,11,6.95266,970,3045
1015,1 70 256,11,6.95266,654,3045
1015,1 70 311,11,6.95266,764,3045
1015,1 71 87,11,6.95266,318,3045
1015,1 71 394,11,6.95266,932,3045
1015,1 73 249,11,6.95266,646,3045
1015,1 74 205,11,6.95266,560,3045
1015,1 74 344,11,6.95266,838,3045
1015,1 75 383,11,6.95266,918,3045
1015,1 76 399,11,6.95266,952,3045
1015,1 79 483,11,6.95266,1126,3045
1015,1 81 270,11,6.95266,704,3045
1015,1 81 459,11,6.95266,1082,3045
1015,1 85 323,11,6.95266,818,3045
1015,1 86 228,11,6.95266,630,3045
1015,1 87 386,11,6.95266,948,3045
1015,1 89 490,11,6.95266,1160,3045
1015,1 91 147,11,6.95266,478,3045
1015,1 92 210,11,6.95266,606,3045
1015,1 93 173,11,6.95266,534,3045
1015,1 93 293,11,6.95266,774,3045
1015,1 96 395,11,6.95266,984,3045
1015,1 96 471,11,6.95266,1136,3045
1015,1 97 114,11,6.95266,424,3045
1015,1 103 219,11,6.95266,646,3045
1015,1 104 240,11,6.95266,690,3045
1015,1 106 415,11,6.95266,1044,3045
1015,1 111 382,11,6.95266,988,3045
1015,1 111 474,11,6.95266,1172,3045
1015,1 112 404,11,6.95266,1034,3045
1015,1 114 296,11,6.95266,822,3045
1015,1 117 135,11,6.95266,506,3045
1015,1 117 498,11,6.95266,1232,3045
1015,1 118 462,11,6.95266,1162,3045
1015,1 124 482,11,6.95266,1214,3045
1015,1 125 200,11,6.95266,652,3045
1015,1 126 175,11,6.95266,604,3045
1015,1 126 198,11,6.95266,650,3045
1015,1 126 226,11,6.95266,706,3045
1015,1 126 438,11,6.95266,1130,3045
1015,1 131 241,11,6.95266,746,3045
1015,1 132 367,11,6.95266,1000,3045
1015,1 138 243,11,6.95266,764,3045
1015,1 138 312,11,6.95266,902,3045
1015,1 139 448,11,6.95266,1176,3045
1015,1 142 465,11,6.95266,1216,3045
1015,1 144 247,11,6.95266,784,3045
1015,1 144 392,11,6.95266,1074,3045
1015,1 144 418,11,6.95266,1126,3045
1015,1 146 162,11,6.95266,618,3045
1015,1 146 188,11,6.95266,670,3045
1015,1 146 307,11,6.95266,908,3045
1015,1 146 330,11,6.95266,954,3045
1015,1 146 475,11,6.95266,1244,3045
1015,1 150 498,11,6.95266,1298,3045
1015,1 152 267,11,6.95266,840,3045
1015,1 155 347,11,6.95266,1006,3045
1015,1 155 489,11,6.95266,1290,3045
1015,1 162 307,11,6.95266,940,3045
1015,1 166 386,11,6.95266,1106,3045
1015,1 171 476,11,6.95266,1296,3045
1015,1 172 317,11,6.95266,980,3045
1015,1 172 462,11,6.95266,1270,3045
1015,1 176 187,11,6.95266,728,3045
1015,1 176 472,11,6.95266,1298,3045
1015,1 177 469,11,6.95266,1294,3045
1015,1 182 387,11,6.95266,1140,3045
1015,1 184 294,11,6.95266,958,3045
1015,1 185 386,11,6.95266,1144,3045
1015,1 185 500,11,6.95266,1372,3045
1015,1 187 495,11,6.95266,1366,3045
1015,1 188 291,11,6.95266,960,3045
1015,1 192 454,11,6.95266,1294,3045
1015,1 193 425,11,6.95266,1238,3045
1015,1 197 464,11,6.95266,1324,3045
1015,1 199 493,11,6.95266,1386,3045
1015,1 200 480,11,6.95266,1362,3045
1015,1 201 462,11,6.95266,1328,3045
1015,1 205 316,11,6.95266,1044,3045
1015,1 205 484,11,6.95266,1380,3045
1015,1 207 459,11,6.95266,1334,3045
1015,1 214 389,11,6.95266,1208,3045
1015,1 216 380,11,6.95266,1194,3045
1015,1 219 269,11,6.95266,978,3045
1015,1 223 374,11,6.95266,1196,3045
1015,1 224 245,11,6.95266,940,3045
1015,1 224 256,11,6.95266,962,3045
1015,1 226 267,11,6.95266,988,3045
1015,1 226 420,11,6.95266,1294,3045
1015,1 228 421,11,6.95266,1300,3045
1015,1 232 282,11,6.95266,1030,3045
1015,1 237 348,11,6.95266,1172,3045
1015,1 238 424,11,6.95266,1326,3045
1015,1 239 429,11,6.95266,1338,3045
1015,1 239 431,11,6.95266,1342,3045
1015,1 241 463,11,6.95266,1410,3045
1015,1 244 310,11,6.95266,1110,3045
1015,1 245 342,11,6.95266,1176,3045
1015,1 245 359,11,6.95266,1210,3045
1015,1 245 479,11,6.95266,1450,3045
1015,1 246 427,11,6.95266,1348,3045
1015,1 246 443,11,6.95266,1380,3045
1015,1 247 436,11,6.95266,1368,3045
1015,1 256 347,11,6.95266,1208,3045
1015,1 259 328,11,6.95266,1176,3045
1015,1 259 414,11,6.95266,1348,3045
1015,1 263 317,11,6.95266,1162,3045
1015,1 267 465,11,6.95266,1466,3045
1015,1 276 382,11,6.95266,1318,3045
1015,1 276 409,11,6.95266,1372,3045
1015,1 276 496,11,6.95266,1546,3045
1015,1 277 357,11,6.95266,1270,3045
1015,1 285 420,11,6.95266,1412,3045
1015,1 285 500,11,6.95266,1572,3045
1015,1 287 393,11,6.95266,1362,3045
1015,1 289 333,11,6.95266,1246,3045
1015,1 289 392,11,6.95266,1364,3045
1015,1 291 478,11,6.95266,1540,3045
1015,1 292 372,11,6.95266,1330,3045
1015,1 297 353,11,6.95266,1302,3045
1015,1 297 399,11,6.95266,1394,3045
1015,1 300 325,11,6.95266,1252,3045
1015,1 303 429,11,6.95266,1466,3045
1015,1 303 491,11,6.95266,1590,3045
1015,1 304 462,11,6.95266,1534,3045
1015,1 305 445,11,6.95266,1502,3045
1015,1 308 359,11,6.95266,1336,3045
1015,1 311 378,11,6.95266,1380,3045
1015,1 314 413,11,6.95266,1456,3045
1015,1 333 436,11,6.95266,1540,3045
1015,1 335 401,11,6.95266,1474,3045
1015,1 344 401,11,6.95266,1492,3045
1015,1 347 390,11,6.95266,1476,3045
1015,1 351 402,11,6.95266,1508,3045
1015,1 352 378,11,6.95266,1462,3045
1015,1 352 426,11,6.95266,1558,3045
1015,1 355 413,11,6.95266,1538,3045
1015,1 357 462,11,6.95266,1640,3045
1015,1 364 413,11,6.95266,1556,3045
1015,1 365 384,11,6.95266,1500,3045
1015,1 367 427,11,6.95266,1590,3045
1015,1 12 377,11,6.95464,780,3045
1015,1 14 119,11,6.95464,268,3045
1015,1 14 161,11,6.95464,352,3045
1015,1 14 180,11,6.95464,390,3045
1015,1 15 452,11,6.95464,936,3045
1015,1 16 151,11,6.95464,336,3045
1015,1 17 230,11,6.95464,496,3045
1015,1 17 291,11,6.95464,618,3045
1015,1 19 106,11,6.95464,252,3045
1015,1 20 442,11,6.95464,926,3045
1015,1 22 140,11,6.95464,326,3045
1015,1 24 238,11,6.95464,526,3045
1015,1 24 359,11,6.95464,768,3045
1015,1 27 397,11,6.95464,850,3045
1015,1 28 217,11,6.95464,492,3045
1015,1 28 461,11,6.95464,980,3045
1015,1 29 287,11,6.95464,634,3045
1015,1 29 473,11,6.95464,1006,3045
1015,1 31 471,11,6.95464,1006,3045
1015,1 33 356,11,6.95464,780,3045
1015,1 35 477,11,6.95464,1026,3045
1015,1 36 192,11,6.95464,458,3045
1015,1 37 101,11,6.95464,278,3045
1015,1 37 317,11,6.95464,710,3045
1015,1 37 355,11,6.95464,786,3045
1015,1 38 438,11,6.95464,954,3045
1015,1 45 160,11,6.95464,412,3045
1015,1 46 110,11,6.95464,314,3045
1015,1 46 329,11,6.95464,752,3045
1015,1 47 81,11,6.95464,258,3045
1015,1 50 120,11,6.95464,342,3045
1015,1 51 91,11,6.95464,286,3045
1015,1 54 360,11,6.95464,830,3045
1015,1 54 444,11,6.95464,998,3045
1015,1 56 305,11,6.95464,724,3045
1015,1 58 103,11,6.95464,324,3045
1015,1 58 185,11,6.95464,488,3045
1015,1 58 470,11,6.95464,1058,3045
1015,1 59 374,11,6.95464,868,3045
1015,1 61 74,11,6.95464,272,3045
1015,1 62 76,11,6.95464,278,3045
1015,1 62 225,11,6.95464,576,3045
1015,1 62 410,11,6.95464,946,3045
1015,1 63 354,11,6.95464,836,3045
1015,1 70 100,11,6.95464,342,3045
1015,1 73 373,11,6.95464,894,3045
1015,1 75 497,11,6.95464,1146,3045
1015,1 76 105,11,6.95464,364,3045
1015,1 76 496,11,6.95464,1146,3045
1015,1 77 251,11,6.95464,658,3045
1015,1 84 410,11,6.95464,990,3045
1015,1 86 316,11,6.95464,806,3045
1015,1 90 304,11,6.95464,790,3045
1015,1 94 121,11,6.95464,432,3045
1015,1 94 345,11,6.95464,880,3045
1015,1 95 499,11,6.95464,1190,3045
1015,1 96 234,11,6.95464,662,3045
1015,1 97 224,11,6.95464,644,3045
1015,1 97 442,11,6.95464,1080,3045
1015,1 98 316,11,6.95464,830,3045
1015,1 102 181,11,6.95464,568,3045
1015,1 102 376,11,6.95464,958,3045
1015,1 104 486,11,6.95464,1182,3045
1015,1 106 238,11,6.95464,690,3045
1015,1 106 433,11,6.95464,1080,3045
1015,1 107 192,11,6.95464,600,3045
1015,1 107 417,11,6.95464,1050,3045
1015,1 108 387,11,6.95464,992,3045
1015,1 109 174,11,6.95464,568,3045
1015,1 110 128,11,6.95464,478,3045
1015,1 112 324,11,6.95464,874,3045
1015,1 112 438,11,6.95464,1102,3045
1015,1 116 423,11,6.95464,1080,3045
1015,1 117 160,11,6.95464,556,3045
1015,1 123 143,11,6.95464,534,3045
1015,1 128 289,11,6.95464,836,3045
1015,1 128 493,11,6.95464,1244,3045
1015,1 130 331,11,6.95464,924,3045
1015,1 131 214,11,6.95464,692,3045
1015,1 134 362,11,6.95464,994,3045
1015,1 134 464,11,6.95464,1198,3045
1015,1 137 179,11,6.95464,634,3045
1015,1 139 309,11,6.95464,898,3045
1015,1 141 333,11,6.95464,950,3045
1015,1 142 266,11,6.95464,818,3045
1015,1 143 408,11,6.95464,1104,3045
1015,1 144 162,11,6.95464,614,3045
1015,1 146 273,11,6.95464,840,3045
1015,1 147 205,11,6.95464,706,3045
1015,1 149 464,11,6.95464,1228,3045
1015,1 153 197,11,6.95464,702,3045
1015,1 155 192,11,6.95464,696,3045
1015,1 161 199,11,6.95464,722,3045
1015,1 162 418,11,6.95464,1162,3045
1015,1 163 258,11,6.95464,844,3045
1015,1 165 474,11,6.95464,1280,3045
1015,1 166 431,11,6.95464,1196,3045
1015,1 171 244,11,6.95464,832,3045
1015,1 175 414,11,6.95464,1180,3045
1015,1 179 250,11,6.95464,860,3045
1015,1 180 404,11,6.95464,1170,3045
1015,1 182 320,11,6.95464,1006,3045
1015,1 183 315,11,6.95464,998,3045
1015,1 184 236,11,6.95464,842,3045
1015,1 185 238,11,6.95464,848,3045
1015,1 187 309,11,6.95464,994,3045
1015,1 188 474,11,6.95464,1326,3045
1015,1 193 427,11,6.95464,1242,3045
1015,1 195 224,11,6.95464,840,3045
1015,1 197 316,11,6.95464,1028,3045
1015,1 201 332,11,6.95464,1068,3045
1015,1 205 496,11,6.95464,1404,3045
1015,1 211 272,11,6.95464,968,3045
1015,1 216 240,11,6.95464,914,3045
1015,1 218 237,11,6.95464,912,3045
1015,1 220 469,11,6.95464,1380,3045
1015,1 225 243,11,6.95464,938,3045
1015,1 232 329,11,6.95464,1124,3045
1015,1 237 279,11,6.95464,1034,3045
1015,1 238 462,11,6.95464,1402,3045
1015,1 240 274,11,6.95464,1030,3045
1015,1 247 408,11,6.95464,1312,3045
1015,1 248 409,11,6.95464,1316,3045
1015,1 261 356,11,6.95464,1236,3045
1015,1 263 286,11,6.95464,1100,3045
1015,1 269 490,11,6.95464,1520,3045
1015,1 273 359,11,6.95464,1266,3045
1015,1 274 482,11,6.95464,1514,3045
1015,1 275 426,11,6.95464,1404,3045
1015,1 283 359,11,6.95464,1286,3045
1015,1 285 418,11,6.95464,1408,3045
1015,1 292 311,11,6.95464,1208,3045
1015,1 293 343,11,6.95464,1274,3045
1015,1 293 414,11,6.95464,1416,3045
1015,1 294 331,11,6.95464,1252,3045
1015,1 296 311,11,6.95464,1216,3045
1015,1 296 413,11,6.95464,1420,3045
1015,1 301 387,11,6.95464,1378,3045
1015,1 302 426,11,6.95464,1458,3045
1015,1 304 443,11,6.95464,1496,3045
1015,1 305 347,11,6.95464,1306,3045
1015,1 307 436,11,6.95464,1488,3045
1015,1 307 452,11,6.95464,1520,3045
1015,1 309 415,11,6.95464,1450,3045
1015,1 311 357,11,6.95464,1338,3045
1015,1 311 359,11,6.95464,1342,3045
1015,1 314 414,11,6.95464,1458,3045
1015,1 315 366,11,6.95464,1364,3045
1015,1 323 455,11,6.95464,1558,3045
1015,1 326 410,11,6.95464,1474,3045
1015,1 330 490,11,6.95464,1642,3045
1015,1 332 404,11,6.95464,1474,3045
1015,1 334 416,11,6.95464,1502,3045
1015,1 335 439,11,6.95464,1550,3045
1015,1 335 441,11,6.95464,1554,3045
1015,1 355 427,11,6.95464,1566,3045
1015,1 358 499,11,6.95464,1716,3045
1015,1 362 494,11,6.95464,1714,3045
1015,1 375 472,11,6.95464,1696,3045
1015,1 380 470,11,6.95464,1702,3045
1015,1 10 427,11,6.95661,876,3045
1015,1 13 425,11,6.95661,878,3045
1015,1 15 144,11,6.95661,320,3045
1015,1 16 447,11,6.95661,928,3045
1015,1 21 460,11,6.95661,964,3045
1015,1 22 146,11,6.95661,338,3045
1015,1 27 238,11,6.95661,532,3045
1015,1 28 122,11,6.95661,302,3045
1015,1 28 414,11,6.95661,886,3045
1015,1 29 161,11,6.95661,382,3045
1015,1 30 195,11,6.95661,452,3045
1015,1 30 264,11,6.95661,590,3045
1015,1 32 200,11,6.95661,466,3045
1015,1 33 402,11,6.95661,872,3045
1015,1 34 193,11,6.95661,456,3045
1015,1 35 162,11,6.95661,396,3045
1015,1 37 393,11,6.95661,862,3045
1015,1 38 124,11,6.95661,326,3045
1015,1 44 328,11,6.95661,746,3045
1015,1 45 476,11,6.95661,1044,3045
1015,1 48 345,11,6.95661,788,3045
1015,1 51 115,11,6.95661,334,3045
1015,1 56 251,11,6.95661,616,3045
1015,1 60 332,11,6.95661,786,3045
1015,1 61 72,11,6.95661,268,3045
1015,1 61 164,11,6.95661,452,3045
1015,1 61 173,11,6.95661,470,3045
1015,1 63 112,11,6.95661,352,3045
1015,1 72 238,11,6.95661,622,3045
1015,1 73 492,11,6.95661,1132,3045
1015,1 76 98,11,6.95661,350,3045
1015,1 76 200,11,6.95661,554,3045
1015,1 78 345,11,6.95661,848,3045
1015,1 79 101,11,6.95661,362,3045
1015,1 81 280,11,6.95661,724,3045
1015,1 83 319,11,6.95661,806,3045
1015,1 83 481,11,6.95661,1130,3045
1015,1 84 188,11,6.95661,546,3045
1015,1 87 270,11,6.95661,716,3045
1015,1 88 293,11,6.95661,764,3045
1015,1 88 391,11,6.95661,960,3045
1015,1 89 345,11,6.95661,870,3045
1015,1 92 126,11,6.95661,438,3045
1015,1 92 349,11,6.95661,884,3045
1015,1 97 416,11,6.95661,1028,3045
1015,1 97 422,11,6.95661,1040,3045
1015,1 100 221,11,6.95661,644,3045
1015,1 107 330,11,6.95661,876,3045
1015,1 112 178,11,6.95661,582,3045
1015,1 112 183,11,6.95661,592,3045
1015,1 112 468,11,6.95661,1162,3045
1015,1 116 269,11,6.95661,772,3045
1015,1 116 365,11,6.95661,964,3045
1015,1 116 412,11,6.95661,1058,3045
1015,1 123 289,11,6.95661,826,3045
1015,1 124 220,11,6.95661,690,3045
1015,1 126 273,11,6.95661,800,3045
1015,1 126 300,11,6.95661,854,3045
1015,1 126 461,11,6.95661,1176,3045
1015,1 126 480,11,6.95661,1214,3045
1015,1 130 291,11,6.95661,844,3045
1015,1 135 228,11,6.95661,728,3045
1015,1 135 391,11,6.95661,1054,3045
1015,1 138 360,11,6.95661,998,3045
1015,1 139 312,11,6.95661,904,3045
1015,1 140 389,11,6.95661,1060,3045
1015,1 142 247,11,6.95661,780,3045
1015,1 143 379,11,6.95661,1046,3045
1015,1 144 413,11,6.95661,1116,3045
1015,1 144 457,11,6.95661,1204,3045
1015,1 146 167,11,6.95661,628,3045
1015,1 148 310,11,6.95661,918,3045
1015,1 157 187,11,6.95661,690,3045
1015,1 159 262,11,6.95661,844,3045
1015,1 160 436,11,6.95661,1194,3045
1015,1 161 251,11,6.95661,826,3045
1015,1 165 371,11,6.95661,1074,3045
1015,1 167 190,11,6.95661,716,3045
1015,1 167 434,11,6.95661,1204,3045
1015,1 171 368,11,6.95661,1080,3045
1015,1 173 362,11,6.95661,1072,3045
1015,1 174 366,11,6.95661,1082,3045
1015,1 175 363,11,6.95661,1078,3045
1015,1 177 428,11,6.95661,1212,3045
1015,1 179 467,11,6.95661,1294,3045
1015,1 184 293,11,6.95661,956,3045
1015,1 190 479,11,6.95661,1340,3045
1015,1 192 346,11,6.95661,1078,3045
1015,1 194 424,11,6.95661,1238,3045
1015,1 198 257,11,6.95661,912,3045
1015,1 199 460,11,6.95661,1320,3045
1015,1 201 361,11,6.95661,1126,3045
1015,1 208 266,11,6.95661,950,3045
1015,1 209 263,11,6.95661,946,3045
1015,1 210 259,11,6.95661,940,3045
1015,1 213 443,11,6.95661,1314,3045
1015,1 219 416,11,6.95661,1272,3045
1015,1 221 278,11,6.95661,1000,3045
1015,1 222 260,11,6.95661,966,3045
1015,1 229 241,11,6.95661,942,3045
1015,1 230 265,11,6.95661,992,3045
1015,1 243 302,11,6.95661,1092,3045
1015,1 248 305,11,6.95661,1108,3045
1015,1 249 367,11,6.95661,1234,3045
1015,1 267 305,11,6.95661,1146,3045
1015,1 267 437,11,6.95661,1410,3045
1015,1 268 434,11,6.95661,1406,3045
1015,1 275 289,11,6.95661,1130,3045
1015,1 288 350,11,6.95661,1278,3045
1015,1 289 413,11,6.95661,1406,3045
1015,1 292 466,11,6.95661,1518,3045
1015,1 300 396,11,6.95661,1394,3045
1015,1 300 397,11,6.95661,1396,3045
1015,1 302 319,11,6.95661,1244,3045
1015,1 305 497,11,6.95661,1606,3045
1015,1 307 420,11,6.95661,1456,3045
1015,1 308 364,11,6.95661,1346,3045
1015,1 314 487,11,6.95661,1604,3045
1015,1 323 468,11,6.95661,1584,3045
1015,1 342 412,11,6.95661,1510,3045
1015,1 342 462,11,6.95661,1610,3045
1015,1 349 372,11,6.95661,1444,3045
1015,1 350 394,11,6.95661,1490,3045
1015,1 360 498,11,6.95661,1718,3045
1015,1 371 477,11,6.95661,1698,3045
1015,1 372 493,11,6.95661,1732,3045
1015,1 378 469,11,6.95661,1696,3045
1015,1 379 415,11,6.95661,1590,3045
1015,1 17 273,11,6.95858,582,3045
1015,1 18 152,11,6.95858,342,3045
1015,1 18 450,11,6.95858,938,3045
1015,1 19 392,11,6.95858,824,3045
1015,1 20 400,11,6.95858,842,3045
1015,1 22 183,11,6.95858,412,3045
1015,1 22 319,11,6.95858,684,3045
1015,1 25 282,11,6.95858,616,3045
1015,1 25 463,11,6.95858,978,3045
1015,1 26 175,11,6.95858,404,3045
1015,1 29 195,11,6.95858,450,3045
1015,1 30 438,11,6.95858,938,3045
1015,1 31 105,11,6.95858,274,3045
1015,1 32 243,11,6.95858,552,3045
1015,1 34 462,11,6.95858,994,3045
1015,1 36 310,11,6.95858,694,3045
1015,1 39 280,11,6.95858,640,3045
1015,1 41 138,11,6.95858,360,3045
1015,1 44 455,11,6.95858,1000,3045
1015,1 47 475,11,6.95858,1046,3045
1015,1 48 299,11,6.95858,696,3045
1015,1 49 116,11,6.95858,332,3045
1015,1 51 348,11,6.95858,800,3045
1015,1 53 362,11,6.95858,832,3045
1015,1 55 243,11,6.95858,598,3045
1015,1 55 402,11,6.95858,916,3045
1015,1 57 305,11,6.95858,726,3045
1015,1 57 410,11,6.95858,936,3045
1015,1 61 392,11,6.95858,908,3045
1015,1 64 456,11,6.95858,1042,3045
1015,1 65 141,11,6.95858,414,3045
1015,1 66 365,11,6.95858,864,3045
1015,1 68 160,11,6.95858,458,3045
1015,1 68 232,11,6.95858,602,3045
1015,1 68 376,11,6.95858,890,3045
1015,1 69 356,11,6.95858,852,3045
1015,1 75 499,11,6.95858,1150,3045
1015,1 80 300,11,6.95858,762,3045
1015,1 83 271,11,6.95858,710,3045
1015,1 83 272,11,6.95858,712,3045
1015,1 84 201,11,6.95858,572,3045
1015,1 85 489,11,6.95858,1150,3045
1015,1 89 235,11,6.95858,650,3045
1015,1 91 350,11,6.95858,884,3045
1015,1 93 478,11,6.95858,1144,3045
1015,1 97 494,11,6.95858,1184,3045
1015,1 99 467,11,6.95858,1134,3045
1015,1 100 479,11,6.95858,1160,3045
1015,1 101 364,11,6.95858,932,3045
1015,1 102 129,11,6.95858,464,3045
1015,1 104 382,11,6.95858,974,3045
1015,1 105 346,11,6.95858,904,3045
1015,1 105 439,11,6.95858,1090,3045
1015,1 107 166,11,6.95858,548,3045
1015,1 108 465,11,6.95858,1148,3045
1015,1 110 260,11,6.95858,742,3045
1015,1 111 134,11,6.95858,492,3045
1015,1 112 305,11,6.95858,836,3045
1015,1 115 371,11,6.95858,974,3045
1015,1 116 403,11,6.95858,1040,3045
1015,1 120 305,11,6.95858,852,3045
1015,1 121 472,11,6.95858,1188,3045
1015,1 126 205,11,6.95858,664,3045
1015,1 128 206,11,6.95858,670,3045
1015,1 129 330,11,6.95858,920,3045
1015,1 130 226,11,6.95858,714,3045
1015,1 130 463,11,6.95858,1188,3045
1015,1 131 455,11,6.95858,1174,3045
1015,1 133 209,11,6.95858,686,3045
1015,1 133 422,11,6.95858,1112,3045
1015,1 143 474,11,6.95858,1236,3045
1015,1 146 420,11,6.95858,1134,3045
1015,1 148 408,11,6.95858,1114,3045
1015,1 150 165,11,6.95858,632,3045
1015,1 151 222,11,6.95858,748,3045
1015,1 153 496,11,6.95858,1300,3045
1015,1 156 358,11,6.95858,1030,3045
1015,1 157 206,11,6.95858,728,3045
1015,1 160 384,11,6.95858,1090,3045
1015,1 164 210,11,6.95858,750,3045
1015,1 164 415,11,6.95858,1160,3045
1015,1 172 244,11,6.95858,834,3045
1015,1 175 275,11,6.95858,902,3045
1015,1 178 271,11,6.95858,900,3045
1015,1 179 230,11,6.95858,820,3045
1015,1 189 492,11,6.95858,1364,3045
1015,1 194 375,11,6.95858,1140,3045
1015,1 195 343,11,6.95858,1078,3045
1015,1 196 455,11,6.95858,1304,3045
1015,1 196 495,11,6.95858,1384,3045
1015,1 199 232,11,6.95858,864,3045
1015,1 207 334,11,6.95858,1084,3045
1015,1 213 228,11,6.95858,884,3045
1015,1 213 440,11,6.95858,1308,3045
1015,1 214 447,11,6.95858,1324,3045
1015,1 215 256,11,6.95858,944,3045
1015,1 215 299,11,6.95858,1030,3045
1015,1 217 262,11,6.95858,960,3045
1015,1 219 475,11,6.95858,1390,3045
1015,1 220 241,11,6.95858,924,3045
1015,1 224 368,11,6.95858,1186,3045
1015,1 229 375,11,6.95858,1210,3045
1015,1 229 385,11,6.95858,1230,3045
1015,1 234 282,11,6.95858,1034,3045
1015,1 239 323,11,6.95858,1126,3045
1015,1 240 457,11,6.95858,1396,3045
1015,1 250 308,11,6.95858,1118,3045
1015,1 250 365,11,6.95858,1232,3045
1015,1 251 309,11,6.95858,1122,3045
1015,1 258 352,11,6.95858,1222,3045
1015,1 259 288,11,6.95858,1096,3045
1015,1 267 384,11,6.95858,1304,3045
1015,1 268 452,11,6.95858,1442,3045
1015,1 278 428,11,6.95858,1414,3045
1015,1 280 326,11,6.95858,1214,3045
1015,1 293 403,11,6.95858,1394,3045
1015,1 297 501,11,6.95858,1598,3045
1015,1 302 332,11,6.95858,1270,3045
1015,1 309 428,11,6.95858,1476,3045
1015,1 322 399,11,6.95858,1444,3045
1015,1 323 493,11,6.95858,1634,3045
1015,1 325 391,11,6.95858,1434,3045
1015,1 343 416,11,6.95858,1520,3045
1015,1 344 477,11,6.95858,1644,3045
1015,1 349 461,11,6.95858,1622,3045
1015,1 349 496,11,6.95858,1692,3045
1015,1 360 379,11,6.95858,1480,3045
1015,1 360 455,11,6.95858,1632,3045
1015,1 361 380,11,6.95858,1484,3045
1015,1 363 378,11,6.95858,1484,3045
1015,1 372 489,11,6.95858,1724,3045
1015,1 374 448,11,6.95858,1646,3045
1015,1 377 399,11,6.95858,1554,3045
1015,1 22 291,11,6.96055,628,3045
1015,1 23 279,11,6.96055,606,3045
1015,1 25 270,11,6.96055,592,3045
1015,1 27 201,11,6.96055,458,3045
1015,1 31 168,11,6.96055,400,3045
1015,1 32 353,11,6.96055,772,3045
1015,1 33 178,11,6.96055,424,3045
1015,1 40 333,11,6.96055,748,3045
1015,1 42 154,11,6.96055,394,3045
1015,1 44 104,11,6.96055,298,3045
1015,1 44 227,11,6.96055,544,3045
1015,1 46 238,11,6.96055,570,3045
1015,1 47 454,11,6.96055,1004,3045
1015,1 49 109,11,6.96055,318,3045
1015,1 49 234,11,6.96055,568,3045
1015,1 49 424,11,6.96055,948,3045
1015,1 50 110,11,6.96055,322,3045
1015,1 54 315,11,6.96055,740,3045
1015,1 55 242,11,6.96055,596,3045
1015,1 64 279,11,6.96055,688,3045
1015,1 72 494,11,6.96055,1134,3045
1015,1 75 270,11,6.96055,692,3045
1015,1 79 189,11,6.96055,538,3045
1015,1 83 279,11,6.96055,726,3045
1015,1 84 362,11,6.96055,894,3045
1015,1 85 476,11,6.96055,1124,3045
1015,1 91 385,11,6.96055,954,3045
1015,1 92 109,11,6.96055,404,3045
1015,1 94 175,11,6.96055,540,3045
1015,1 95 500,11,6.96055,1192,3045
1015,1 97 496,11,6.96055,1188,3045
1015,1 101 318,11,6.96055,840,3045
1015,1 102 367,11,6.96055,940,3045
1015,1 108 312,11,6.96055,842,3045
1015,1 110 237,11,6.96055,696,3045
1015,1 111 496,11,6.96055,1216,3045
1015,1 123 436,11,6.96055,1120,3045
1015,1 126 334,11,6.96055,922,3045
1015,1 131 322,11,6.96055,908,3045
1015,1 135 327,11,6.96055,926,3045
1015,1 143 168,11,6.96055,624,3045
1015,1 149 196,11,6.96055,692,3045
1015,1 149 502,11,6.96055,1304,3045
1015,1 157 185,11,6.96055,686,3045
1015,1 167 365,11,6.96055,1066,3045
1015,1 177 216,11,6.96055,788,3045
1015,1 183 293,11,6.96055,954,3045
1015,1 188 233,11,6.96055,844,3045
1015,1 197 355,11,6.96055,1106,3045
1015,1 205 430,11,6.96055,1272,3045
1015,1 211 222,11,6.96055,868,3045
1015,1 211 258,11,6.96055,940,3045
1015,1 211 309,11,6.96055,1042,3045
1015,1 220 460,11,6.96055,1362,3045
1015,1 224 242,11,6.96055,934,3045
1015,1 242 429,11,6.96055,1344,3045
1015,1 244 429,11,6.96055,1348,3045
1015,1 248 480,11,6.96055,1458,3045
1015,1 257 351,11,6.96055,1218,3045
1015,1 259 309,11,6.96055,1138,3045
1015,1 260 397,11,6.96055,1316,3045
1015,1 261 410,11,6.96055,1344,3045
1015,1 268 291,11,6.96055,1120,3045
1015,1 277 342,11,6.96055,1240,3045
1015,1 278 335,11,6.96055,1228,3045
1015,1 285 329,11,6.96055,1230,3045
1015,1 285 343,11,6.96055,1258,3045
1015,1 300 468,11,6.96055,1538,3045
1015,1 302 462,11,6.96055,1530,3045
1015,1 309 477,11,6.96055,1574,3045
1015,1 313 438,11,6.96055,1504,3045
1015,1 317 437,11,6.96055,1510,3045
1015,1 317 500,11,6.96055,1636,3045
1015,1 323 402,11,6.96055,1452,3045
1015,1 331 392,11,6.96055,1448,3045
1015,1 333 376,11,6.96055,1420,3045
1015,1 343 432,11,6.96055,1552,3045
1015,1 346 387,11,6.96055,1468,3045
1015,1 346 459,11,6.96055,1612,3045
1015,1 357 399,11,6.96055,1514,3045
1015,1 358 428,11,6.96055,1574,3045
1015,1 14 234,11,6.96252,498,3045
1015,1 18 156,11,6.96252,350,3045
1015,1 18 366,11,6.96252,770,3045
1015,1 20 416,11,6.96252,874,3045
1015,1 23 131,11,6.96252,310,3045
1015,1 24 366,11,6.96252,782,3045
1015,1 29 442,11,6.96252,944,3045
1015,1 31 302,11,6.96252,668,3045
1015,1 32 433,11,6.96252,932,3045
1015,1 34 179,11,6.96252,428,3045
1015,1 34 312,11,6.96252,694,3045
1015,1 34 401,11,6.96252,872,3045
1015,1 35 199,11,6.96252,470,3045
1015,1 37 242,11,6.96252,560,3045
1015,1 42 150,11,6.96252,386,3045
1015,1 43 292,11,6.96252,672,3045
1015,1 44 149,11,6.96252,388,3045
1015,1 44 208,11,6.96252,506,3045
1015,1 44 329,11,6.96252,748,3045
1015,1 45 216,11,6.96252,524,3045
1015,1 46 343,11,6.96252,780,3045
1015,1 47 318,11,6.96252,732,3045
1015,1 48 443,11,6.96252,984,3045
1015,1 49 351,11,6.96252,802,3045
1015,1 49 430,11,6.96252,960,3045
1015,1 51 245,11,6.96252,594,3045
1015,1 53 173,11,6.96252,454,3045
1015,1 54 118,11,6.96252,346,3045
1015,1 54 310,11,6.96252,730,3045
1015,1 54 473,11,6.96252,1056,3045
1015,1 55 409,11,6.96252,930,3045
1015,1 56 307,11,6.96252,728,3045
1015,1 59 72,11,6.96252,264,3045
1015,1 60 205,11,6.96252,532,3045
1015,1 60 367,11,6.96252,856,3045
1015,1 61 205,11,6.96252,534,3045
1015,1 62 232,11,6.96252,590,3045
1015,1 63 139,11,6.96252,406,3045
1015,1 63 162,11,6.96252,452,3045
1015,1 64 153,11,6.96252,436,3045
1015,1 64 291,11,6.96252,712,3045
1015,1 64 434,11,6.96252,998,3045
1015,1 73 94,11,6.96252,336,3045
1015,1 74 335,11,6.96252,820,3045
1015,1 75 205,11,6.96252,562,3045
1015,1 79 221,11,6.96252,602,3045
1015,1 80 288,11,6.96252,738,3045
1015,1 81 146,11,6.96252,456,3045
1015,1 81 291,11,6.96252,746,3045
1015,1 84 454,11,6.96252,1078,3045
1015,1 85 205,11,6.96252,582,3045
1015,1 85 218,11,6.96252,608,3045
1015,1 85 433,11,6.96252,1038,3045
1015,1 86 102,11,6.96252,378,3045
1015,1 87 197,11,6.96252,570,3045
1015,1 87 357,11,6.96252,890,3045
1015,1 88 411,11,6.96252,1000,3045
1015,1 91 332,11,6.96252,848,3045
1015,1 94 198,11,6.96252,586,3045
1015,1 94 295,11,6.96252,780,3045
1015,1 96 320,11,6.96252,834,3045
1015,1 97 346,11,6.96252,888,3045
1015,1 97 420,11,6.96252,1036,3045
1015,1 100 384,11,6.96252,970,3045
1015,1 101 180,11,6.96252,564,3045
1015,1 103 487,11,6.96252,1182,3045
1015,1 107 413,11,6.96252,1042,3045
1015,1 108 166,11,6.96252,550,3045
1015,1 109 279,11,6.96252,778,3045
1015,1 109 462,11,6.96252,1144,3045
1015,1 110 174,11,6.96252,570,3045
1015,1 110 476,11,6.96252,1174,3045
1015,1 111 179,11,6.96252,582,3045
1015,1 111 272,11,6.96252,768,3045
1015,1 111 469,11,6.96252,1162,3045
1015,1 112 410,11,6.96252,1046,3045
1015,1 114 130,11,6.96252,490,3045
1015,1 117 501,11,6.96252,1238,3045
1015,1 119 485,11,6.96252,1210,3045
1015,1 122 293,11,6.96252,832,3045
1015,1 124 354,11,6.96252,958,3045
1015,1 125 233,11,6.96252,718,3045
1015,1 126 140,11,6.96252,534,3045
1015,1 128 198,11,6.96252,654,3045
1015,1 129 218,11,6.96252,696,3045
1015,1 140 194,11,6.96252,670,3045
1015,1 140 305,11,6.96252,892,3045
1015,1 143 256,11,6.96252,800,3045
1015,1 144 209,11,6.96252,708,3045
1015,1 144 371,11,6.96252,1032,3045
1015,1 146 354,11,6.96252,1002,3045
1015,1 147 256,11,6.96252,808,3045
1015,1 147 331,11,6.96252,958,3045
1015,1 148 411,11,6.96252,1120,3045
1015,1 149 182,11,6.96252,664,3045
1015,1 153 272,11,6.96252,852,3045
1015,1 153 476,11,6.96252,1260,3045
1015,1 154 346,11,6.96252,1002,3045
1015,1 154 412,11,6.96252,1134,3045
1015,1 156 329,11,6.96252,972,3045
1015,1 162 226,11,6.96252,778,3045
1015,1 165 318,11,6.96252,968,3045
1015,1 172 220,11,6.96252,786,3045
1015,1 175 305,11,6.96252,962,3045
1015,1 176 452,11,6.96252,1258,3045
1015,1 177 470,11,6.96252,1296,3045
1015,1 180 489,11,6.96252,1340,3045
1015,1 180 493,11,6.96252,1348,3045
1015,1 189 335,11,6.96252,1050,3045
1015,1 192 226,11,6.96252,838,3045
1015,1 200 263,11,6.96252,928,3045
1015,1 201 360,11,6.96252,1124,3045
1015,1 205 230,11,6.96252,872,3045
1015,1 205 350,11,6.96252,1112,3045
1015,1 205 370,11,6.96252,1152,3045
1015,1 205 375,11,6.96252,1162,3045
1015,1 205 495,11,6.96252,1402,3045
1015,1 209 248,11,6.96252,916,3045
1015,1 209 436,11,6.96252,1292,3045
1015,1 210 361,11,6.96252,1144,3045
1015,1 211 346,11,6.96252,1116,3045
1015,1 214 233,11,6.96252,896,3045
1015,1 218 260,11,6.96252,958,3045
1015,1 222 299,11,6.96252,1044,3045
1015,1 226 273,11,6.96252,1000,3045
1015,1 233 269,11,6.96252,1006,3045
1015,1 237 319,11,6.96252,1114,3045
1015,1 245 293,11,6.96252,1078,3045
1015,1 247 335,11,6.96252,1166,3045
1015,1 247 476,11,6.96252,1448,3045
1015,1 249 404,11,6.96252,1308,3045
1015,1 256 432,11,6.96252,1378,3045
1015,1 257 397,11,6.96252,1310,3045
1015,1 259 440,11,6.96252,1400,3045
1015,1 263 343,11,6.96252,1214,3045
1015,1 265 433,11,6.96252,1398,3045
1015,1 266 329,11,6.96252,1192,3045
1015,1 269 296,11,6.96252,1132,3045
1015,1 269 366,11,6.96252,1272,3045
1015,1 269 445,11,6.96252,1430,3045
1015,1 272 448,11,6.96252,1442,3045
1015,1 276 355,11,6.96252,1264,3045
1015,1 281 495,11,6.96252,1554,3045
1015,1 282 318,11,6.96252,1202,3045
1015,1 282 347,11,6.96252,1260,3045
1015,1 284 383,11,6.96252,1336,3045
1015,1 284 417,11,6.96252,1404,3045
1015,1 288 410,11,6.96252,1398,3045
1015,1 289 371,11,6.96252,1322,3045
1015,1 289 499,11,6.96252,1578,3045
1015,1 295 485,11,6.96252,1562,3045
1015,1 304 429,11,6.96252,1468,3045
1015,1 305 327,11,6.96252,1266,3045
1015,1 307 362,11,6.96252,1340,3045
1015,1 314 497,11,6.96252,1624,3045
1015,1 317 398,11,6.96252,1432,3045
1015,1 320 474,11,6.96252,1590,3045
1015,1 324 401,11,6.96252,1452,3045
1015,1 324 424,11,6.96252,1498,3045
1015,1 324 469,11,6.96252,1588,3045
1015,1 333 431,11,6.96252,1530,3045
1015,1 334 399,11,6.96252,1468,3045
1015,1 343 392,11,6.96252,1472,3045
1015,1 345 400,11,6.96252,1492,3045
1015,1 345 419,11,6.96252,1530,3045
1015,1 353 447,11,6.96252,1602,3045
1015,1 354 434,11,6.96252,1578,3045
1015,1 363 375,11,6.96252,1478,3045
1015,1 363 395,11,6.96252,1518,3045
1015,1 364 385,11,6.96252,1500,3045
1015,1 366 470,11,6.96252,1674,3045
1015,1 372 448,11,6.96252,1642,3045
1015,1 12 300,11,6.9645,626,3045
1015,1 14 184,11,6.9645,398,3045
1015,1 14 293,11,6.9645,616,3045
1015,1 14 446,11,6.9645,922,3045
1015,1 15 158,11,6.9645,348,3045
1015,1 16 120,11,6.9645,274,3045
1015,1 17 226,11,6.9645,488,3045
1015,1 21 396,11,6.9645,836,3045
1015,1 23 107,11,6.9645,262,3045
1015,1 24 132,11,6.9645,314,3045
1015,1 24 311,11,6.9645,672,3045
1015,1 25 423,11,6.9645,898,3045
1015,1 28 131,11,6.9645,320,3045
1015,1 29 355,11,6.9645,770,3045
1015,1 30 100,11,6.9645,262,3045
1015,1 31 147,11,6.9645,358,3045
1015,1 31 205,11,6.9645,474,3045
1015,1 35 159,11,6.9645,390,3045
1015,1 40 266,11,6.9645,614,3045
1015,1 40 411,11,6.9645,904,3045
1015,1 45 200,11,6.9645,492,3045
1015,1 46 210,11,6.9645,514,3045
1015,1 46 475,11,6.9645,1044,3045
1015,1 48 250,11,6.9645,598,3045
1015,1 49 332,11,6.9645,764,3045
1015,1 51 225,11,6.9645,554,3045
1015,1 52 124,11,6.9645,354,3045
1015,1 57 246,11,6.9645,608,3045
1015,1 64 364,11,6.9645,858,3045
1015,1 66 76,11,6.9645,286,3045
1015,1 66 91,11,6.9645,316,3045
1015,1 67 311,11,6.9645,758,3045
1015,1 69 426,11,6.9645,992,3045
1015,1 70 466,11,6.9645,1074,3045
1015,1 71 301,11,6.9645,746,3045
1015,1 73 196,11,6.9645,540,3045
1015,1 73 418,11,6.9645,984,3045
1015,1 74 457,11,6.9645,1064,3045
1015,1 76 164,11,6.9645,482,3045
1015,1 81 414,11,6.9645,992,3045
1015,1 83 265,11,6.9645,698,3045
1015,1 85 229,11,6.9645,630,3045
1015,1 91 128,11,6.9645,440,3045
1015,1 92 164,11,6.9645,514,3045
1015,1 92 495,11,6.9645,1176,3045
1015,1 96 227,11,6.9645,648,3045
1015,1 97 343,11,6.9645,882,3045
1015,1 100 331,11,6.9645,864,3045
1015,1 107 168,11,6.9645,552,3045
1015,1 109 414,11,6.9645,1048,3045
1015,1 111 196,11,6.9645,616,3045
1015,1 115 199,11,6.9645,630,3045
1015,1 115 309,11,6.9645,850,3045
1015,1 119 168,11,6.9645,576,3045
1015,1 122 233,11,6.9645,712,3045
1015,1 126 310,11,6.9645,874,3045
1015,1 128 358,11,6.9645,974,3045
1015,1 131 465,11,6.9645,1194,3045
1015,1 133 358,11,6.9645,984,3045
1015,1 135 212,11,6.9645,696,3045
1015,1 139 190,11,6.9645,660,3045
1015,1 143 497,11,6.9645,1282,3045
1015,1 148 460,11,6.9645,1218,3045
1015,1 149 229,11,6.9645,758,3045
1015,1 152 398,11,6.9645,1102,3045
1015,1 155 250,11,6.9645,812,3045
1015,1 155 377,11,6.9645,1066,3045
1015,1 162 303,11,6.9645,932,3045
1015,1 164 270,11,6.9645,870,3045
1015,1 168 385,11,6.9645,1108,3045
1015,1 171 207,11,6.9645,758,3045
1015,1 171 364,11,6.9645,1072,3045
1015,1 178 200,11,6.9645,758,3045
1015,1 178 325,11,6.9645,1008,3045
1015,1 184 482,11,6.9645,1334,3045
1015,1 190 268,11,6.9645,918,3045
1015,1 195 268,11,6.9645,928,3045
1015,1 195 284,11,6.9645,960,3045
1015,1 196 258,11,6.9645,910,3045
1015,1 200 370,11,6.9645,1142,3045
1015,1 200 496,11,6.9645,1394,3045
1015,1 208 256,11,6.9645,930,3045
1015,1 215 342,11,6.9645,1116,3045
1015,1 216 353,11,6.9645,1140,3045
1015,1 218 463,11,6.9645,1364,3045
1015,1 220 234,11,6.9645,910,3045
1015,1 221 327,11,6.9645,1098,3045
1015,1 223 277,11,6.9645,1002,3045
1015,1 225 314,11,6.9645,1080,3045
1015,1 226 318,11,6.9645,1090,3045
1015,1 229 247,11,6.9645,954,3045
1015,1 236 325,11,6.9645,1124,3045
1015,1 238 284,11,6.9645,1046,3045
1015,1 256 292,11,6.9645,1098,3045
1015,1 258 471,11,6.9645,1460,3045
1015,1 259 362,11,6.9645,1244,3045
1015,1 260 428,11,6.9645,1378,3045
1015,1 261 447,11,6.9645,1418,3045
1015,1 263 342,11,6.9645,1212,3045
1015,1 264 469,11,6.9645,1468,3045
1015,1 274 379,11,6.9645,1308,3045
1015,1 284 500,11,6.9645,1570,3045
1015,1 285 310,11,6.9645,1192,3045
1015,1 292 392,11,6.9645,1370,3045
1015,1 295 310,11,6.9645,1212,3045
1015,1 296 309,11,6.9645,1212,3045
1015,1 296 502,11,6.9645,1598,3045
1015,1 297 324,11,6.9645,1244,3045
1015,1 302 348,11,6.9645,1302,3045
1015,1 307 359,11,6.9645,1334,3045
1015,1 313 402,11,6.9645,1432,3045
1015,1 322 409,11,6.9645,1464,3045
1015,1 331 490,11,6.9645,1644,3045
1015,1 332 484,11,6.9645,1634,3045
1015,1 334 400,11,6.9645,1470,3045
1015,1 335 400,11,6.9645,1472,3045
1015,1 343 380,11,6.9645,1448,3045
1015,1 352 368,11,6.9645,1442,3045
1015,1 354 422,11,6.9645,1554,3045
1015,1 359 496,11,6.9645,1712,3045
1015,1 378 411,11,6.9645,1580,3045
1015,1 378 474,11,6.9645,1706,3045
1015,1 10 153,11,6.96647,328,3045
1015,1 11 159,11,6.96647,342,3045
1015,1 13 109,11,6.96647,246,3045
1015,1 13 123,11,6.96647,274,3045
1015,1 13 236,11,6.96647,500,3045
1015,1 14 396,11,6.96647,822,3045
1015,1 17 194,11,6.96647,424,3045
1015,1 18 136,11,6.96647,310,3045
1015,1 20 433,11,6.96647,908,3045
1015,1 23 128,11,6.96647,304,3045
1015,1 23 295,11,6.96647,638,3045
1015,1 27 223,11,6.96647,502,3045
1015,1 28 279,11,6.96647,616,3045
1015,1 32 345,11,6.96647,756,3045
1015,1 33 179,11,6.96647,426,3045
1015,1 33 429,11,6.96647,926,3045
1015,1 37 439,11,6.96647,954,3045
1015,1 37 478,11,6.96647,1032,3045
1015,1 41 348,11,6.96647,780,3045
1015,1 42 481,11,6.96647,1048,3045
1015,1 43 192,11,6.96647,472,3045
1015,1 46 111,11,6.96647,316,3045
1015,1 46 298,11,6.96647,690,3045
1015,1 47 84,11,6.96647,264,3045
1015,1 47 361,11,6.96647,818,3045
1015,1 49 450,11,6.96647,1000,3045
1015,1 51 466,11,6.96647,1036,3045
1015,1 55 76,11,6.96647,264,3045
1015,1 55 415,11,6.96647,942,3045
1015,1 57 370,11,6.96647,856,3045
1015,1 58 99,11,6.96647,316,3045
1015,1 60 496,11,6.96647,1114,3045
1015,1 63 102,11,6.96647,332,3045
1015,1 63 108,11,6.96647,344,3045
1015,1 63 345,11,6.96647,818,3045
1015,1 64 101,11,6.96647,332,3045
1015,1 64 352,11,6.96647,834,3045
1015,1 67 92,11,6.96647,320,3045
1015,1 67 224,11,6.96647,584,3045
1015,1 67 388,11,6.96647,912,3045
1015,1 68 80,11,6.96647,298,3045
1015,1 68 387,11,6.96647,912,3045
1015,1 68 397,11,6.96647,932,3045
1015,1 69 249,11,6.96647,638,3045
1015,1 70 328,11,6.96647,798,3045
1015,1 75 459,11,6.96647,1070,3045
1015,1 77 242,11,6.96647,640,3045
1015,1 77 266,11,6.96647,688,3045
1015,1 78 138,11,6.96647,434,3045
1015,1 78 382,11,6.96647,922,3045
1015,1 78 459,11,6.96647,1076,3045
1015,1 79 109,11,6.96647,378,3045
1015,1 80 110,11,6.96647,382,3045
1015,1 81 179,11,6.96647,522,3045
1015,1 83 119,11,6.96647,406,3045
1015,1 89 236,11,6.96647,652,3045
1015,1 90 195,11,6.96647,572,3045
1015,1 92 225,11,6.96647,636,3045
1015,1 93 149,11,6.96647,486,3045
1015,1 97 213,11,6.96647,622,3045
1015,1 98 126,11,6.96647,450,3045
1015,1 101 181,11,6.96647,566,3045
1015,1 102 259,11,6.96647,724,3045
1015,1 102 343,11,6.96647,892,3045
1015,1 103 232,11,6.96647,672,3045
1015,1 105 393,11,6.96647,998,3045
1015,1 106 462,11,6.96647,1138,3045
1015,1 108 418,11,6.96647,1054,3045
1015,1 109 298,11,6.96647,816,3045
1015,1 111 502,11,6.96647,1228,3045
1015,1 112 408,11,6.96647,1042,3045
1015,1 114 385,11,6.96647,1000,3045
1015,1 115 142,11,6.96647,516,3045
1015,1 115 385,11,6.96647,1002,3045
1015,1 116 473,11,6.96647,1180,3045
1015,1 118 326,11,6.96647,890,3045
1015,1 123 313,11,6.96647,874,3045
1015,1 125 147,11,6.96647,546,3045
1015,1 126 408,11,6.96647,1070,3045
1015,1 126 494,11,6.96647,1242,3045
1015,1 128 484,11,6.96647,1226,3045
1015,1 129 205,11,6.96647,670,3045
1015,1 132 496,11,6.96647,1258,3045
1015,1 133 303,11,6.96647,874,3045
1015,1 135 193,11,6.96647,658,3045
1015,1 136 456,11,6.96647,1186,3045
1015,1 139 496,11,6.96647,1272,3045
1015,1 149 258,11,6.96647,816,3045
1015,1 149 409,11,6.96647,1118,3045
1015,1 153 270,11,6.96647,848,3045
1015,1 159 201,11,6.96647,722,3045
1015,1 165 399,11,6.96647,1130,3045
1015,1 166 430,11,6.96647,1194,3045
1015,1 168 189,11,6.96647,716,3045
1015,1 168 316,11,6.96647,970,3045
1015,1 172 274,11,6.96647,894,3045
1015,1 176 303,11,6.96647,960,3045
1015,1 180 322,11,6.96647,1006,3045
1015,1 181 499,11,6.96647,1362,3045
1015,1 182 211,11,6.96647,788,3045
1015,1 182 428,11,6.96647,1222,3045
1015,1 183 331,11,6.96647,1030,3045
1015,1 188 309,11,6.96647,996,3045
1015,1 190 342,11,6.96647,1066,3045
1015,1 192 426,11,6.96647,1238,3045
1015,1 195 322,11,6.96647,1036,3045
1015,1 195 462,11,6.96647,1316,3045
1015,1 195 502,11,6.96647,1396,3045
1015,1 199 369,11,6.96647,1138,3045
1015,1 200 348,11,6.96647,1098,3045
1015,1 201 331,11,6.96647,1066,3045
1015,1 205 280,11,6.96647,972,3045
1015,1 214 345,11,6.96647,1120,3045
1015,1 215 350,11,6.96647,1132,3045
1015,1 216 243,11,6.96647,920,3045
1015,1 218 282,11,6.96647,1002,3045
1015,1 218 300,11,6.96647,1038,3045
1015,1 220 277,11,6.96647,996,3045
1015,1 222 465,11,6.96647,1376,3045
1015,1 225 463,11,6.96647,1378,3045
1015,1 225 494,11,6.96647,1440,3045
1015,1 227 499,11,6.96647,1454,3045
1015,1 228 486,11,6.96647,1430,3045
1015,1 231 432,11,6.96647,1328,3045
1015,1 240 403,11,6.96647,1288,3045
1015,1 246 452,11,6.96647,1398,3045
1015,1 248 391,11,6.96647,1280,3045
1015,1 249 280,11,6.96647,1060,3045
1015,1 249 308,11,6.96647,1116,3045
1015,1 264 364,11,6.96647,1258,3045
1015,1 266 462,11,6.96647,1458,3045
1015,1 270 309,11,6.96647,1160,3045
1015,1 272 325,11,6.96647,1196,3045
1015,1 272 360,11,6.96647,1266,3045
1015,1 276 315,11,6.96647,1184,3045
1015,1 277 297,11,6.96647,1150,3045
1015,1 286 401,11,6.96647,1376,3045
1015,1 286 466,11,6.96647,1506,3045
1015,1 293 494,11,6.96647,1576,3045
1015,1 299 395,11,6.96647,1390,3045
1015,1 300 365,11,6.96647,1332,3045
1015,1 301 445,11,6.96647,1494,3045
1015,1 303 471,11,6.96647,1550,3045
1015,1 305 429,11,6.96647,1470,3045
1015,1 305 480,11,6.96647,1572,3045
1015,1 306 433,11,6.96647,1480,3045
1015,1 306 481,11,6.96647,1576,3045
1015,1 309 321,11,6.96647,1262,3045
1015,1 314 449,11,6.96647,1528,3045
1015,1 315 481,11,6.96647,1594,3045
1015,1 325 395,11,6.96647,1442,3045
1015,1 327 421,11,6.96647,1498,3045
1015,1 328 371,11,6.96647,1400,3045
1015,1 329 376,11,6.96647,1412,3045
1015,1 329 408,11,6.96647,1476,3045
1015,1 342 431,11,6.96647,1548,3045
1015,1 349 403,11,6.96647,1506,3045
1015,1 349 438,11,6.96647,1576,3045
1015,1 353 410,11,6.96647,1528,3045
1015,1 353 491,11,6.96647,1690,3045
1015,1 355 376,11,6.96647,1464,3045
1015,1 357 393,11,6.96647,1502,3045
1015,1 358 453,11,6.96647,1624,3045
1015,1 376 467,11,6.96647,1688,3045
1015,1 379 403,11,6.96647,1566,3045
1015,1 379 479,11,6.96647,1718,3045
1015,1 10 301,11,6.96844,624,3045
1015,1 11 118,11,6.96844,260,3045
1015,1 14 134,11,6.96844,298,3045
1015,1 15 142,11,6.96844,316,3045
1015,1 15 425,11,6.96844,882,3045
1015,1 15 436,11,6.96844,904,3045
1015,1 18 372,11,6.96844,782,3045
1015,1 19 138,11,6.96844,316,3045
1015,1 19 213,11,6.96844,466,3045
1015,1 20 276,11,6.96844,594,3045
1015,1 21 267,11,6.96844,578,3045
1015,1 21 362,11,6.96844,768,3045
1015,1 22 363,11,6.96844,772,3045
1015,1 30 130,11,6.96844,322,3045
1015,1 30 467,11,6.96844,996,3045
1015,1 33 214,11,6.96844,496,3045
1015,1 33 417,11,6.96844,902,3045
1015,1 37 305,11,6.96844,686,3045
1015,1 37 409,11,6.96844,894,3045
1015,1 38 177,11,6.96844,432,3045
1015,1 42 96,11,6.96844,278,3045
1015,1 42 143,11,6.96844,372,3045
1015,1 43 427,11,6.96844,942,3045
1015,1 43 473,11,6.96844,1034,3045
1015,1 44 359,11,6.96844,808,3045
1015,1 46 126,11,6.96844,346,3045
1015,1 46 251,11,6.96844,596,3045
1015,1 46 332,11,6.96844,758,3045
1015,1 48 171,11,6.96844,440,3045
1015,1 49 157,11,6.96844,414,3045
1015,1 50 114,11,6.96844,330,3045
1015,1 50 168,11,6.96844,438,3045
1015,1 50 181,11,6.96844,464,3045
1015,1 53 128,11,6.96844,364,3045
1015,1 55 433,11,6.96844,978,3045
1015,1 60 312,11,6.96844,746,3045
1015,1 61 221,11,6.96844,566,3045
1015,1 63 74,11,6.96844,276,3045
1015,1 65 277,11,6.96844,686,3045
1015,1 67 148,11,6.96844,432,3045
1015,1 68 123,11,6.96844,384,3045
1015,1 75 211,11,6.96844,574,3045
1015,1 76 476,11,6.96844,1106,3045
1015,1 81 457,11,6.96844,1078,3045
1015,1 82 375,11,6.96844,916,3045
1015,1 82 402,11,6.96844,970,3045
1015,1 90 286,11,6.96844,754,3045
1015,1 90 482,11,6.96844,1146,3045
1015,1 91 331,11,6.96844,846,3045
1015,1 91 356,11,6.96844,896,3045
1015,1 93 196,11,6.96844,580,3045
1015,1 101 315,11,6.96844,834,3045
1015,1 102 489,11,6.96844,1184,3045
1015,1 103 369,11,6.96844,946,3045
1015,1 103 388,11,6.96844,984,3045
1015,1 104 171,11,6.96844,552,3045
1015,1 104 272,11,6.96844,754,3045
1015,1 107 153,11,6.96844,522,3045
1015,1 107 439,11,6.96844,1094,3045
1015,1 109 244,11,6.96844,708,3045
1015,1 109 461,11,6.96844,1142,3045
1015,1 114 250,11,6.96844,730,3045
1015,1 116 132,11,6.96844,498,3045
1015,1 118 364,11,6.96844,966,3045
1015,1 119 464,11,6.96844,1168,3045
1015,1 120 372,11,6.96844,986,3045
1015,1 123 474,11,6.96844,1196,3045
1015,1 124 459,11,6.96844,1168,3045
1015,1 126 485,11,6.96844,1224,3045
1015,1 130 146,11,6.96844,554,3045
1015,1 144 275,11,6.96844,840,3045
1015,1 146 305,11,6.96844,904,3045
1015,1 149 184,11,6.96844,668,3045
1015,1 149 331,11,6.96844,962,3045
1015,1 150 193,11,6.96844,688,3045
1015,1 150 502,11,6.96844,1306,3045
1015,1 153 180,11,6.96844,668,3045
1015,1 153 328,11,6.96844,964,3045
1015,1 153 374,11,6.96844,1056,3045
1015,1 154 414,11,6.96844,1138,3045
1015,1 159 277,11,6.96844,874,3045
1015,1 166 403,11,6.96844,1140,3045
1015,1 168 400,11,6.96844,1138,3045
1015,1 177 466,11,6.96844,1288,3045
1015,1 180 490,11,6.96844,1342,3045
1015,1 184 303,11,6.96844,976,3045
1015,1 185 355,11,6.96844,1082,3045
1015,1 186 327,11,6.96844,1028,3045
1015,1 187 396,11,6.96844,1168,3045
1015,1 190 218,11,6.96844,818,3045
1015,1 190 239,11,6.96844,860,3045
1015,1 191 473,11,6.96844,1330,3045
1015,1 192 310,11,6.96844,1006,3045
1015,1 192 373,11,6.96844,1132,3045
1015,1 195 257,11,6.96844,906,3045
1015,1 201 385,11,6.96844,1174,3045
1015,1 213 300,11,6.96844,1028,3045
1015,1 215 458,11,6.96844,1348,3045
1015,1 223 493,11,6.96844,1434,3045
1015,1 228 272,11,6.96844,1002,3045
1015,1 238 382,11,6.96844,1242,3045
1015,1 240 272,11,6.96844,1026,3045
1015,1 243 373,11,6.96844,1234,3045
1015,1 244 393,11,6.96844,1276,3045
1015,1 246 288,11,6.96844,1070,3045
1015,1 251 283,11,6.96844,1070,3045
1015,1 262 467,11,6.96844,1460,3045
1015,1 264 367,11,6.96844,1264,3045
1015,1 272 331,11,6.96844,1208,3045
1015,1 273 319,11,6.96844,1186,3045
1015,1 273 327,11,6.96844,1202,3045
1015,1 275 425,11,6.96844,1402,3045
1015,1 276 410,11,6.96844,1374,3045
1015,1 278 427,11,6.96844,1412,3045
1015,1 279 390,11,6.96844,1340,3045
1015,1 282 359,11,6.96844,1284,3045
1015,1 283 474,11,6.96844,1516,3045
1015,1 289 305,11,6.96844,1190,3045
1015,1 291 305,11,6.96844,1194,3045
1015,1 291 450,11,6.96844,1484,3045
1015,1 295 398,11,6.96844,1388,3045
1015,1 295 412,11,6.96844,1416,3045
1015,1 295 483,11,6.96844,1558,3045
1015,1 304 383,11,6.96844,1376,3045
1015,1 305 434,11,6.96844,1480,3045
1015,1 305 436,11,6.96844,1484,3045
1015,1 305 443,11,6.96844,1498,3045
1015,1 308 498,11,6.96844,1614,3045
1015,1 310 417,11,6.96844,1456,3045
1015,1 311 412,11,6.96844,1448,3045
1015,1 311 489,11,6.96844,1602,3045
1015,1 323 491,11,6.96844,1630,3045
1015,1 326 372,11,6.96844,1398,3045
1015,1 332 412,11,6.96844,1490,3045
1015,1 344 400,11,6.96844,1490,3045
1015,1 346 384,11,6.96844,1462,3045
1015,1 348 441,11,6.96844,1580,3045
1015,1 364 388,11,6.96844,1506,3045
1015,1 364 427,11,6.96844,1584,3045
1015,1 367 502,11,6.96844,1740,3045
1015,1 374 492,11,6.96844,1734,3045
1015,1 11 300,11,6.97041,624,3045
1015,1 14 228,11,6.97041,486,3045
1015,1 16 134,11,6.97041,302,3045
1015,1 18 429,11,6.97041,896,3045
1015,1 19 144,11,6.97041,328,3045
1015,1 19 146,11,6.97041,332,3045
1015,1 19 419,11,6.97041,878,3045
1015,1 20 295,11,6.97041,632,3045
1015,1 21 214,11,6.97041,472,3045
1015,1 23 409,11,6.97041,866,3045
1015,1 24 186,11,6.97041,422,3045
1015,1 25 143,11,6.97041,338,3045
1015,1 25 185,11,6.97041,422,3045
1015,1 25 300,11,6.97041,652,3045
1015,1 27 251,11,6.97041,558,3045
1015,1 28 351,11,6.97041,760,3045
1015,1 29 373,11,6.97041,806,3045
1015,1 30 110,11,6.97041,282,3045
1015,1 33 259,11,6.97041,586,3045
1015,1 34 257,11,6.97041,584,3045
1015,1 36 294,11,6.97041,662,3045
1015,1 44 205,11,6.97041,500,3045
1015,1 44 347,11,6.97041,784,3045
1015,1 44 409,11,6.97041,908,3045
1015,1 45 402,11,6.97041,896,3045
1015,1 46 286,11,6.97041,666,3045
1015,1 48 126,11,6.97041,350,3045
1015,1 48 452,11,6.97041,1002,3045
1015,1 51 274,11,6.97041,652,3045
1015,1 52 422,11,6.97041,950,3045
1015,1 54 128,11,6.97041,366,3045
1015,1 56 128,11,6.97041,370,3045
1015,1 60 165,11,6.97041,452,3045
1015,1 60 484,11,6.97041,1090,3045
1015,1 61 374,11,6.97041,872,3045
1015,1 61 496,11,6.97041,1116,3045
1015,1 63 452,11,6.97041,1032,3045
1015,1 65 369,11,6.97041,870,3045
1015,1 68 259,11,6.97041,656,3045
1015,1 69 194,11,6.97041,528,3045
1015,1 72 162,11,6.97041,470,3045
1015,1 73 117,11,6.97041,382,3045
1015,1 73 457,11,6.97041,1062,3045
1015,1 75 419,11,6.97041,990,3045
1015,1 80 413,11,6.97041,988,3045
1015,1 81 361,11,6.97041,886,3045
1015,1 82 116,11,6.97041,398,3045
1015,1 82 209,11,6.97041,584,3045
1015,1 82 396,11,6.97041,958,3045
1015,1 84 351,11,6.97041,872,3045
1015,1 84 496,11,6.97041,1162,3045
1015,1 85 362,11,6.97041,896,3045
1015,1 87 283,11,6.97041,742,3045
1015,1 87 328,11,6.97041,832,3045
1015,1 87 412,11,6.97041,1000,3045
1015,1 89 402,11,6.97041,984,3045
1015,1 90 261,11,6.97041,704,3045
1015,1 91 305,11,6.97041,794,3045
1015,1 92 159,11,6.97041,504,3045
1015,1 93 447,11,6.97041,1082,3045
1015,1 94 148,11,6.97041,486,3045
1015,1 97 124,11,6.97041,444,3045
1015,1 98 119,11,6.97041,436,3045
1015,1 98 138,11,6.97041,474,3045
1015,1 98 178,11,6.97041,554,3045
1015,1 98 250,11,6.97041,698,3045
1015,1 98 270,11,6.97041,738,3045
1015,1 100 268,11,6.97041,738,3045
1015,1 107 283,11,6.97041,782,3045
1015,1 109 488,11,6.97041,1196,3045
1015,1 110 186,11,6.97041,594,3045
1015,1 116 372,11,6.97041,978,3045
1015,1 120 346,11,6.97041,934,3045
1015,1 122 221,11,6.97041,688,3045
1015,1 123 392,11,6.97041,1032,3045
1015,1 126 144,11,6.97041,542,3045
1015,1 126 146,11,6.97041,546,3045
1015,1 126 268,11,6.97041,790,3045
1015,1 126 289,11,6.97041,832,3045
1015,1 126 291,11,6.97041,836,3045
1015,1 126 434,11,6.97041,1122,3045
1015,1 126 436,11,6.97041,1126,3045
1015,1 134 417,11,6.97041,1104,3045
1015,1 141 161,11,6.97041,606,3045
1015,1 142 459,11,6.97041,1204,3045
1015,1 143 352,11,6.97041,992,3045
1015,1 144 271,11,6.97041,832,3045
1015,1 144 305,11,6.97041,900,3045
1015,1 146 271,11,6.97041,836,3045
1015,1 148 378,11,6.97041,1054,3045
1015,1 149 368,11,6.97041,1036,3045
1015,1 150 344,11,6.97041,990,3045
1015,1 159 297,11,6.97041,914,3045
1015,1 159 456,11,6.97041,1232,3045
1015,1 160 289,11,6.97041,900,3045
1015,1 161 395,11,6.97041,1114,3045
1015,1 164 289,11,6.97041,908,3045
1015,1 164 291,11,6.97041,912,3045
1015,1 166 441,11,6.97041,1216,3045
1015,1 168 262,11,6.97041,862,3045
1015,1 168 403,11,6.97041,1144,3045
1015,1 168 485,11,6.97041,1308,3045
1015,1 177 251,11,6.97041,858,3045
1015,1 177 377,11,6.97041,1110,3045
1015,1 178 470,11,6.97041,1298,3045
1015,1 181 206,11,6.97041,776,3045
1015,1 182 198,11,6.97041,762,3045
1015,1 182 352,11,6.97041,1070,3045
1015,1 182 395,11,6.97041,1156,3045
1015,1 183 248,11,6.97041,864,3045
1015,1 185 344,11,6.97041,1060,3045
1015,1 188 498,11,6.97041,1374,3045
1015,1 191 305,11,6.97041,994,3045
1015,1 191 491,11,6.97041,1366,3045
1015,1 193 282,11,6.97041,952,3045
1015,1 194 489,11,6.97041,1368,3045
1015,1 195 373,11,6.97041,1138,3045
1015,1 199 284,11,6.97041,968,3045
1015,1 205 443,11,6.97041,1298,3045
1015,1 206 229,11,6.97041,872,3045
1015,1 206 374,11,6.97041,1162,3045
1015,1 208 293,11,6.97041,1004,3045
1015,1 211 261,11,6.97041,946,3045
1015,1 216 235,11,6.97041,904,3045
1015,1 225 417,11,6.97041,1286,3045
1015,1 226 307,11,6.97041,1068,3045
1015,1 229 351,11,6.97041,1162,3045
1015,1 234 269,11,6.97041,1008,3045
1015,1 234 382,11,6.97041,1234,3045
1015,1 239 325,11,6.97041,1130,3045
1015,1 239 445,11,6.97041,1370,3045
1015,1 240 281,11,6.97041,1044,3045
1015,1 242 466,11,6.97041,1418,3045
1015,1 246 296,11,6.97041,1086,3045
1015,1 247 353,11,6.97041,1202,3045
1015,1 248 367,11,6.97041,1232,3045
1015,1 250 358,11,6.97041,1218,3045
1015,1 256 437,11,6.97041,1388,3045
1015,1 258 460,11,6.97041,1438,3045
1015,1 259 297,11,6.97041,1114,3045
1015,1 261 279,11,6.97041,1082,3045
1015,1 262 304,11,6.97041,1134,3045
1015,1 262 356,11,6.97041,1238,3045
1015,1 263 474,11,6.97041,1476,3045
1015,1 264 281,11,6.97041,1092,3045
1015,1 264 333,11,6.97041,1196,3045
1015,1 265 457,11,6.97041,1446,3045
1015,1 267 394,11,6.97041,1324,3045
1015,1 267 461,11,6.97041,1458,3045
1015,1 271 331,11,6.97041,1206,3045
1015,1 273 490,11,6.97041,1528,3045
1015,1 283 375,11,6.97041,1318,3045
1015,1 285 376,11,6.97041,1324,3045
1015,1 285 493,11,6.97041,1558,3045
1015,1 288 404,11,6.97041,1386,3045
1015,1 289 416,11,6.97041,1412,3045
1015,1 291 416,11,6.97041,1416,3045
1015,1 292 346,11,6.97041,1278,3045
1015,1 292 479,11,6.97041,1544,3045
1015,1 295 494,11,6.97041,1580,3045
1015,1 302 334,11,6.97041,1274,3045
1015,1 309 434,11,6.97041,1488,3045
1015,1 309 436,11,6.97041,1492,3045
1015,1 312 458,11,6.97041,1542,3045
1015,1 317 458,11,6.97041,1552,3045
1015,1 317 498,11,6.97041,1632,3045
1015,1 319 367,11,6.97041,1374,3045
1015,1 319 393,11,6.97041,1426,3045
1015,1 326 373,11,6.97041,1400,3045
1015,1 329 487,11,6.97041,1634,3045
1015,1 332 439,11,6.97041,1544,3045
1015,1 333 389,11,6.97041,1446,3045
1015,1 334 489,11,6.97041,1648,3045
1015,1 342 432,11,6.97041,1550,3045
1015,1 346 429,11,6.97041,1552,3045
1015,1 348 458,11,6.97041,1614,3045
1015,1 356 394,11,6.97041,1502,3045
1015,1 361 466,11,6.97041,1656,3045
1015,1 362 466,11,6.97041,1658,3045
1015,1 363 492,11,6.97041,1712,3045
1015,1 365 497,11,6.97041,1726,3045
1015,1 366 384,11,6.97041,1502,3045
1015,1 374 396,11,6.97041,1542,3045
1015,1 10 278,11,6.97239,578,3045
1015,1 12 388,11,6.97239,802,3045
1015,1 18 279,11,6.97239,596,3045
1015,1 19 361,11,6.97239,762,3045
1015,1 19 374,11,6.97239,788,3045
1015,1 24 200,11,6.97239,450,3045
1015,1 24 357,11,6.97239,764,3045
1015,1 26 271,11,6.97239,596,3045
1015,1 26 447,11,6.97239,948,3045
1015,1 29 249,11,6.97239,558,3045
1015,1 33 448,11,6.97239,964,3045
1015,1 35 331,11,6.97239,734,3045
1015,1 35 388,11,6.97239,848,3045
1015,1 38 329,11,6.97239,736,3045
1015,1 39 178,11,6.97239,436,3045
1015,1 39 419,11,6.97239,918,3045
1015,1 42 357,11,6.97239,800,3045
1015,1 43 349,11,6.97239,786,3045
1015,1 44 207,11,6.97239,504,3045
1015,1 46 420,11,6.97239,934,3045
1015,1 48 351,11,6.97239,800,3045
1015,1 49 84,11,6.97239,268,3045
1015,1 50 492,11,6.97239,1086,3045
1015,1 52 72,11,6.97239,250,3045
1015,1 54 93,11,6.97239,296,3045
1015,1 56 363,11,6.97239,840,3045
1015,1 56 401,11,6.97239,916,3045
1015,1 59 334,11,6.97239,788,3045
1015,1 61 172,11,6.97239,468,3045
1015,1 61 211,11,6.97239,546,3045
1015,1 64 304,11,6.97239,738,3045
1015,1 67 356,11,6.97239,848,3045
1015,1 73 228,11,6.97239,604,3045
1015,1 74 251,11,6.97239,652,3045
1015,1 76 138,11,6.97239,430,3045
1015,1 81 476,11,6.97239,1116,3045
1015,1 84 492,11,6.97239,1154,3045
1015,1 86 304,11,6.97239,782,3045
1015,1 89 122,11,6.97239,424,3045
1015,1 94 393,11,6.97239,976,3045
1015,1 95 262,11,6.97239,716,3045
1015,1 95 356,11,6.97239,904,3045
1015,1 96 264,11,6.97239,722,3045
1015,1 101 140,11,6.97239,484,3045
1015,1 101 335,11,6.97239,874,3045
1015,1 111 249,11,6.97239,722,3045
1015,1 112 194,11,6.97239,614,3045
1015,1 112 288,11,6.97239,802,3045
1015,1 112 296,11,6.97239,818,3045
1015,1 112 352,11,6.97239,930,3045
1015,1 114 354,11,6.97239,938,3045
1015,1 118 433,11,6.97239,1104,3045
1015,1 121 441,11,6.97239,1126,3045
1015,1 122 150,11,6.97239,546,3045
1015,1 123 294,11,6.97239,836,3045
1015,1 125 454,11,6.97239,1160,3045
1015,1 133 279,11,6.97239,826,3045
1015,1 134 157,11,6.97239,584,3045
1015,1 134 465,11,6.97239,1200,3045
1015,1 135 366,11,6.97239,1004,3045
1015,1 136 327,11,6.97239,928,3045
1015,1 148 183,11,6.97239,664,3045
1015,1 151 399,11,6.97239,1102,3045
1015,1 152 417,11,6.97239,1140,3045
1015,1 157 460,11,6.97239,1236,3045
1015,1 167 235,11,6.97239,806,3045
1015,1 168 361,11,6.97239,1060,3045
1015,1 171 385,11,6.97239,1114,3045
1015,1 175 294,11,6.97239,940,3045
1015,1 178 377,11,6.97239,1112,3045
1015,1 181 484,11,6.97239,1332,3045
1015,1 182 330,11,6.97239,1026,3045
1015,1 184 210,11,6.97239,790,3045
1015,1 187 392,11,6.97239,1160,3045
1015,1 194 374,11,6.97239,1138,3045
1015,1 201 280,11,6.97239,964,3045
1015,1 201 345,11,6.97239,1094,3045
1015,1 206 281,11,6.97239,976,3045
1015,1 208 242,11,6.97239,902,3045
1015,1 208 265,11,6.97239,948,3045
1015,1 211 262,11,6.97239,948,3045
1015,1 211 357,11,6.97239,1138,3045
1015,1 216 489,11,6.97239,1412,3045
1015,1 218 349,11,6.97239,1136,3045
1015,1 225 269,11,6.97239,990,3045
1015,1 227 238,11,6.97239,932,3045
1015,1 230 351,11,6.97239,1164,3045
1015,1 231 297,11,6.97239,1058,3045
1015,1 234 404,11,6.97239,1278,3045
1015,1 236 279,11,6.97239,1032,3045
1015,1 238 490,11,6.97239,1458,3045
1015,1 245 304,11,6.97239,1100,3045
1015,1 261 371,11,6.97239,1266,3045
1015,1 261 481,11,6.97239,1486,3045
1015,1 262 322,11,6.97239,1170,3045
1015,1 264 276,11,6.97239,1082,3045
1015,1 268 302,11,6.97239,1142,3045
1015,1 268 464,11,6.97239,1466,3045
1015,1 270 493,11,6.97239,1528,3045
1015,1 274 378,11,6.97239,1306,3045
1015,1 277 478,11,6.97239,1512,3045
1015,1 278 303,11,6.97239,1164,3045
1015,1 280 327,11,6.97239,1216,3045
1015,1 282 492,11,6.97239,1550,3045
1015,1 286 384,11,6.97239,1342,3045
1015,1 292 414,11,6.97239,1414,3045
1015,1 296 330,11,6.97239,1254,3045
1015,1 306 423,11,6.97239,1460,3045
1015,1 313 399,11,6.97239,1426,3045
1015,1 324 396,11,6.97239,1442,3045
1015,1 324 457,11,6.97239,1564,3045
1015,1 328 382,11,6.97239,1422,3045
1015,1 328 402,11,6.97239,1462,3045
1015,1 346 443,11,6.97239,1580,3045
1015,1 354 393,11,6.97239,1496,3045
1015,1 357 426,11,6.97239,1568,3045
1015,1 360 468,11,6.97239,1658,3045
1015,1 11 444,11,6.97436,912,3045
1015,1 12 273,11,6.97436,572,3045
1015,1 12 444,11,6.97436,914,3045
1015,1 13 225,11,6.97436,478,3045
1015,1 13 394,11,6.97436,816,3045
1015,1 15 180,11,6.97436,392,3045
1015,1 16 155,11,6.97436,344,3045
1015,1 16 165,11,6.97436,364,3045
1015,1 16 176,11,6.97436,386,3045
1015,1 16 192,11,6.97436,418,3045
1015,1 16 223,11,6.97436,480,3045
1015,1 16 414,11,6.97436,862,3045
1015,1 18 269,11,6.97436,576,3045
1015,1 18 382,11,6.97436,802,3045
1015,1 18 389,11,6.97436,816,3045
1015,1 20 361,11,6.97436,764,3045
1015,1 21 461,11,6.97436,966,3045
1015,1 22 400,11,6.97436,846,3045
1015,1 25 237,11,6.97436,526,3045
1015,1 26 309,11,6.97436,672,3045
1015,1 26 419,11,6.97436,892,3045
1015,1 27 371,11,6.97436,798,3045
1015,1 28 471,11,6.97436,1000,3045
1015,1 30 171,11,6.97436,404,3045
1015,1 30 362,11,6.97436,786,3045
1015,1 37 343,11,6.97436,762,3045
1015,1 37 423,11,6.97436,922,3045
1015,1 39 101,11,6.97436,282,3045
1015,1 39 129,11,6.97436,338,3045
1015,1 40 96,11,6.97436,274,3045
1015,1 40 261,11,6.97436,604,3045
1015,1 42 330,11,6.97436,746,3045
1015,1 48 469,11,6.97436,1036,3045
1015,1 49 259,11,6.97436,618,3045
1015,1 49 284,11,6.97436,668,3045
1015,1 50 210,11,6.97436,522,3045
1015,1 55 349,11,6.97436,810,3045
1015,1 55 470,11,6.97436,1052,3045
1015,1 56 101,11,6.97436,316,3045
1015,1 56 124,11,6.97436,362,3045
1015,1 56 490,11,6.97436,1094,3045
1015,1 56 497,11,6.97436,1108,3045
1015,1 57 270,11,6.97436,656,3045
1015,1 57 461,11,6.97436,1038,3045
1015,1 58 200,11,6.97436,518,3045
1015,1 59 135,11,6.97436,390,3045
1015,1 60 456,11,6.97436,1034,3045
1015,1 63 467,11,6.97436,1062,3045
1015,1 63 470,11,6.97436,1068,3045
1015,1 65 487,11,6.97436,1106,3045
1015,1 66 161,11,6.97436,456,3045
1015,1 66 240,11,6.97436,614,3045
1015,1 69 80,11,6.97436,300,3045
1015,1 70 251,11,6.97436,644,3045
1015,1 72 103,11,6.97436,352,3045
1015,1 72 115,11,6.97436,376,3045
1015,1 74 85,11,6.97436,320,3045
1015,1 75 256,11,6.97436,664,3045
1015,1 76 201,11,6.97436,556,3045
1015,1 78 282,11,6.97436,722,3045
1015,1 78 295,11,6.97436,748,3045
1015,1 79 212,11,6.97436,584,3045
1015,1 82 132,11,6.97436,430,3045
1015,1 84 134,11,6.97436,438,3045
1015,1 86 445,11,6.97436,1064,3045
1015,1 90 349,11,6.97436,880,3045
1015,1 91 160,11,6.97436,504,3045
1015,1 91 201,11,6.97436,586,3045
1015,1 92 348,11,6.97436,882,3045
1015,1 93 356,11,6.97436,900,3045
1015,1 95 168,11,6.97436,528,3045
1015,1 97 251,11,6.97436,698,3045
1015,1 101 129,11,6.97436,462,3045
1015,1 101 444,11,6.97436,1092,3045
1015,1 103 242,11,6.97436,692,3045
1015,1 103 445,11,6.97436,1098,3045
1015,1 112 133,11,6.97436,492,3045
1015,1 112 276,11,6.97436,778,3045
1015,1 112 431,11,6.97436,1088,3045
1015,1 114 427,11,6.97436,1084,3045
1015,1 119 192,11,6.97436,624,3045
1015,1 126 302,11,6.97436,858,3045
1015,1 129 399,11,6.97436,1058,3045
1015,1 133 156,11,6.97436,580,3045
1015,1 134 282,11,6.97436,834,3045
1015,1 135 357,11,6.97436,986,3045
1015,1 135 449,11,6.97436,1170,3045
1015,1 142 319,11,6.97436,924,3045
1015,1 143 230,11,6.97436,748,3045
1015,1 148 392,11,6.97436,1082,3045
1015,1 150 197,11,6.97436,696,3045
1015,1 157 448,11,6.97436,1212,3045
1015,1 158 302,11,6.97436,922,3045
1015,1 161 411,11,6.97436,1146,3045
1015,1 164 432,11,6.97436,1194,3045
1015,1 165 463,11,6.97436,1258,3045
1015,1 166 198,11,6.97436,730,3045
1015,1 168 308,11,6.97436,954,3045
1015,1 180 194,11,6.97436,750,3045
1015,1 180 444,11,6.97436,1250,3045
1015,1 183 378,11,6.97436,1124,3045
1015,1 184 445,11,6.97436,1260,3045
1015,1 188 287,11,6.97436,952,3045
1015,1 193 348,11,6.97436,1084,3045
1015,1 196 221,11,6.97436,836,3045
1015,1 196 251,11,6.97436,896,3045
1015,1 198 325,11,6.97436,1048,3045
1015,1 200 444,11,6.97436,1290,3045
1015,1 201 281,11,6.97436,966,3045
1015,1 201 461,11,6.97436,1326,3045
1015,1 210 461,11,6.97436,1344,3045
1015,1 213 224,11,6.97436,876,3045
1015,1 214 258,11,6.97436,946,3045
1015,1 217 384,11,6.97436,1204,3045
1015,1 218 269,11,6.97436,976,3045
1015,1 226 305,11,6.97436,1064,3045
1015,1 226 494,11,6.97436,1442,3045
1015,1 229 473,11,6.97436,1406,3045
1015,1 231 423,11,6.97436,1310,3045
1015,1 238 283,11,6.97436,1044,3045
1015,1 238 320,11,6.97436,1118,3045
1015,1 248 433,11,6.97436,1364,3045
1015,1 251 299,11,6.97436,1102,3045
1015,1 256 411,11,6.97436,1336,3045
1015,1 259 446,11,6.97436,1412,3045
1015,1 261 342,11,6.97436,1208,3045
1015,1 266 470,11,6.97436,1474,3045
1015,1 267 282,11,6.97436,1100,3045
1015,1 278 301,11,6.97436,1160,3045
1015,1 284 376,11,6.97436,1322,3045
1015,1 293 463,11,6.97436,1514,3045
1015,1 295 323,11,6.97436,1238,3045
1015,1 299 469,11,6.97436,1538,3045
1015,1 299 496,11,6.97436,1592,3045
1015,1 300 497,11,6.97436,1596,3045
1015,1 308 348,11,6.97436,1314,3045
1015,1 310 321,11,6.97436,1264,3045
1015,1 320 420,11,6.97436,1482,3045
1015,1 348 460,11,6.97436,1618,3045
1015,1 351 437,11,6.97436,1578,3045
1015,1 356 469,11,6.97436,1652,3045
1015,1 357 501,11,6.97436,1718,3045
1015,1 358 487,11,6.97436,1692,3045
1015,1 364 477,11,6.97436,1684,3045
1015,1 366 397,11,6.97436,1528,3045
1015,1 366 498,11,6.97436,1730,3045
1015,1 369 421,11,6.97436,1582,3045
1015,1 373 469,11,6.97436,1686,3045
1015,1 380 473,11,6.97436,1708,3045
1015,1 10 282,11,6.97633,586,3045
1015,1 13 215,11,6.97633,458,3045
1015,1 15 443,11,6.97633,918,3045
1015,1 16 214,11,6.97633,462,3045
1015,1 18 180,11,6.97633,398,3045
1015,1 19 275,11,6.97633,590,3045
1015,1 20 133,11,6.97633,308,3045
1015,1 20 443,11,6.97633,928,3045
1015,1 25 245,11,6.97633,542,3045
1015,1 26 201,11,6.97633,456,3045
1015,1 26 289,11,6.97633,632,3045
1015,1 26 434,11,6.97633,922,3045
1015,1 27 317,11,6.97633,690,3045
1015,1 27 462,11,6.97633,980,3045
1015,1 28 363,11,6.97633,784,3045
1015,1 29 306,11,6.97633,672,3045
1015,1 33 257,11,6.97633,582,3045
1015,1 34 232,11,6.97633,534,3045
1015,1 34 298,11,6.97633,666,3045
1015,1 36 276,11,6.97633,626,3045
1015,1 36 404,11,6.97633,882,3045
1015,1 37 307,11,6.97633,690,3045
1015,1 38 142,11,6.97633,362,3045
1015,1 39 106,11,6.97633,292,3045
1015,1 39 281,11,6.97633,642,3045
1015,1 39 329,11,6.97633,738,3045
1015,1 43 144,11,6.97633,376,3045
1015,1 43 291,11,6.97633,670,3045
1015,1 44 114,11,6.97633,318,3045
1015,1 44 257,11,6.97633,604,3045
1015,1 45 163,11,6.97633,418,3045
1015,1 50 90,11,6.97633,282,3045
1015,1 50 378,11,6.97633,858,3045
1015,1 50 473,11,6.97633,1048,3045
1015,1 52 328,11,6.97633,762,3045
1015,1 53 335,11,6.97633,778,3045
1015,1 55 486,11,6.97633,1084,3045
1015,1 56 288,11,6.97633,690,3045
1015,1 60 161,11,6.97633,444,3045
1015,1 62 143,11,6.97633,412,3045
1015,1 64 469,11,6.97633,1068,3045
1015,1 65 437,11,6.97633,1006,3045
1015,1 67 95,11,6.97633,326,3045
1015,1 68 449,11,6.97633,1036,3045
1015,1 71 185,11,6.97633,514,3045
1015,1 72 92,11,6.97633,330,3045
1015,1 72 395,11,6.97633,936,3045
1015,1 73 172,11,6.97633,492,3045
1015,1 74 192,11,6.97633,534,3045
1015,1 75 103,11,6.97633,358,3045
1015,1 75 137,11,6.97633,426,3045
1015,1 76 183,11,6.97633,520,3045
1015,1 77 125,11,6.97633,406,3045
1015,1 77 335,11,6.97633,826,3045
1015,1 78 485,11,6.97633,1128,3045
1015,1 79 126,11,6.97633,412,3045
1015,1 80 277,11,6.97633,716,3045
1015,1 91 480,11,6.97633,1144,3045
1015,1 92 197,11,6.97633,580,3045
1015,1 95 219,11,6.97633,630,3045
1015,1 96 162,11,6.97633,518,3045
1015,1 98 258,11,6.97633,714,3045
1015,1 101 166,11,6.97633,536,3045
1015,1 101 233,11,6.97633,670,3045
1015,1 101 419,11,6.97633,1042,3045
1015,1 103 335,11,6.97633,878,3045
1015,1 106 329,11,6.97633,872,3045
1015,1 111 294,11,6.97633,812,3045
1015,1 112 257,11,6.97633,740,3045
1015,1 112 364,11,6.97633,954,3045
1015,1 114 247,11,6.97633,724,3045
1015,1 114 362,11,6.97633,954,3045
1015,1 115 473,11,6.97633,1178,3045
1015,1 116 136,11,6.97633,506,3045
1015,1 116 409,11,6.97633,1052,3045
1015,1 118 172,11,6.97633,582,3045
1015,1 118 263,11,6.97633,764,3045
1015,1 119 280,11,6.97633,800,3045
1015,1 119 291,11,6.97633,822,3045
1015,1 119 436,11,6.97633,1112,3045
1015,1 123 146,11,6.97633,540,3045
1015,1 124 141,11,6.97633,532,3045
1015,1 125 205,11,6.97633,662,3045
1015,1 126 234,11,6.97633,722,3045
1015,1 129 201,11,6.97633,662,3045
1015,1 136 393,11,6.97633,1060,3045
1015,1 141 346,11,6.97633,976,3045
1015,1 143 201,11,6.97633,690,3045
1015,1 144 264,11,6.97633,818,3045
1015,1 144 268,11,6.97633,826,3045
1015,1 144 312,11,6.97633,914,3045
1015,1 144 316,11,6.97633,922,3045
1015,1 144 333,11,6.97633,956,3045
1015,1 146 171,11,6.97633,636,3045
1015,1 146 247,11,6.97633,788,3045
1015,1 146 312,11,6.97633,918,3045
1015,1 146 409,11,6.97633,1112,3045
1015,1 146 478,11,6.97633,1250,3045
1015,1 154 271,11,6.97633,852,3045
1015,1 160 273,11,6.97633,868,3045
1015,1 161 397,11,6.97633,1118,3045
1015,1 164 187,11,6.97633,704,3045
1015,1 165 417,11,6.97633,1166,3045
1015,1 166 389,11,6.97633,1112,3045
1015,1 167 276,11,6.97633,888,3045
1015,1 167 289,11,6.97633,914,3045
1015,1 168 377,11,6.97633,1092,3045
1015,1 171 206,11,6.97633,756,3045
1015,1 171 289,11,6.97633,922,3045
1015,1 172 263,11,6.97633,872,3045
1015,1 174 474,11,6.97633,1298,3045
1015,1 177 453,11,6.97633,1262,3045
1015,1 178 257,11,6.97633,872,3045
1015,1 184 349,11,6.97633,1068,3045
1015,1 184 396,11,6.97633,1162,3045
1015,1 184 474,11,6.97633,1318,3045
1015,1 185 420,11,6.97633,1212,3045
1015,1 188 289,11,6.97633,956,3045
1015,1 188 434,11,6.97633,1246,3045
1015,1 189 485,11,6.97633,1350,3045
1015,1 193 229,11,6.97633,846,3045
1015,1 198 432,11,6.97633,1262,3045
1015,1 205 288,11,6.97633,988,3045
1015,1 206 259,11,6.97633,932,3045
1015,1 206 467,11,6.97633,1348,3045
1015,1 209 232,11,6.97633,884,3045
1015,1 209 367,11,6.97633,1154,3045
1015,1 211 242,11,6.97633,908,3045
1015,1 213 233,11,6.97633,894,3045
1015,1 214 299,11,6.97633,1028,3045
1015,1 215 236,11,6.97633,904,3045
1015,1 218 419,11,6.97633,1276,3045
1015,1 220 417,11,6.97633,1276,3045
1015,1 221 304,11,6.97633,1052,3045
1015,1 234 400,11,6.97633,1270,3045
1015,1 235 333,11,6.97633,1138,3045
1015,1 237 489,11,6.97633,1454,3045
1015,1 240 410,11,6.97633,1302,3045
1015,1 241 450,11,6.97633,1384,3045
1015,1 247 289,11,6.97633,1074,3045
1015,1 248 343,11,6.97633,1184,3045
1015,1 257 468,11,6.97633,1452,3045
1015,1 258 433,11,6.97633,1384,3045
1015,1 261 335,11,6.97633,1194,3045
1015,1 261 445,11,6.97633,1414,3045
1015,1 263 468,11,6.97633,1464,3045
1015,1 264 291,11,6.97633,1112,3045
1015,1 264 342,11,6.97633,1214,3045
1015,1 271 318,11,6.97633,1180,3045
1015,1 271 349,11,6.97633,1242,3045
1015,1 276 442,11,6.97633,1438,3045
1015,1 277 403,11,6.97633,1362,3045
1015,1 279 487,11,6.97633,1534,3045
1015,1 281 358,11,6.97633,1280,3045
1015,1 288 477,11,6.97633,1532,3045
1015,1 289 312,11,6.97633,1204,3045
1015,1 291 392,11,6.97633,1368,3045
1015,1 292 489,11,6.97633,1564,3045
1015,1 297 319,11,6.97633,1234,3045
1015,1 303 365,11,6.97633,1338,3045
1015,1 306 488,11,6.97633,1590,3045
1015,1 312 434,11,6.97633,1494,3045
1015,1 312 482,11,6.97633,1590,3045
1015,1 316 434,11,6.97633,1502,3045
1015,1 317 400,11,6.97633,1436,3045
1015,1 317 462,11,6.97633,1560,3045
1015,1 318 362,11,6.97633,1362,3045
1015,1 320 363,11,6.97633,1368,3045
1015,1 321 502,11,6.97633,1648,3045
1015,1 328 430,11,6.97633,1518,3045
1015,1 333 434,11,6.97633,1536,3045
1015,1 334 380,11,6.97633,1430,3045
1015,1 334 469,11,6.97633,1608,3045
1015,1 335 374,11,6.97633,1420,3045
1015,1 342 384,11,6.97633,1454,3045
1015,1 343 402,11,6.97633,1492,3045
1015,1 346 398,11,6.97633,1490,3045
1015,1 352 377,11,6.97633,1460,3045
1015,1 358 441,11,6.97633,1600,3045
1015,1 360 386,11,6.97633,1494,3045
1015,1 363 414,11,6.97633,1556,3045
1015,1 371 424,11,6.97633,1592,3045
1015,1 375 497,11,6.97633,1746,3045
1015,1 10 423,11,6.9783,868,3045
1015,1 11 152,11,6.9783,328,3045
1015,1 12 120,11,6.9783,266,3045
1015,1 12 457,11,6.9783,940,3045
1015,1 13 226,11,6.9783,480,3045
1015,1 14 117,11,6.9783,264,3045
1015,1 14 273,11,6.9783,576,3045
1015,1 15 302,11,6.9783,636,3045
1015,1 16 132,11,6.9783,298,3045
1015,1 19 434,11,6.9783,908,3045
1015,1 19 436,11,6.9783,912,3045
1015,1 21 184,11,6.9783,412,3045
1015,1 22 385,11,6.9783,816,3045
1015,1 23 201,11,6.9783,450,3045
1015,1 30 396,11,6.9783,854,3045
1015,1 32 146,11,6.9783,358,3045
1015,1 32 211,11,6.9783,488,3045
1015,1 32 436,11,6.9783,938,3045
1015,1 33 301,11,6.9783,670,3045
1015,1 35 259,11,6.9783,590,3045
1015,1 36 297,11,6.9783,668,3045
1015,1 37 346,11,6.9783,768,3045
1015,1 38 174,11,6.9783,426,3045
1015,1 38 294,11,6.9783,666,3045
1015,1 40 480,11,6.9783,1042,3045
1015,1 42 193,11,6.9783,472,3045
1015,1 44 402,11,6.9783,894,3045
1015,1 45 153,11,6.9783,398,3045
1015,1 46 304,11,6.9783,702,3045
1015,1 48 344,11,6.9783,786,3045
1015,1 50 140,11,6.9783,382,3045
1015,1 51 412,11,6.9783,928,3045
1015,1 52 475,11,6.9783,1056,3045
1015,1 56 345,11,6.9783,804,3045
1015,1 58 187,11,6.9783,492,3045
1015,1 58 471,11,6.9783,1060,3045
1015,1 60 265,11,6.9783,652,3045
1015,1 60 272,11,6.9783,666,3045
1015,1 60 351,11,6.9783,824,3045
1015,1 61 229,11,6.9783,582,3045
1015,1 61 351,11,6.9783,826,3045
1015,1 63 305,11,6.9783,738,3045
1015,1 63 427,11,6.9783,982,3045
1015,1 65 465,11,6.9783,1062,3045
1015,1 67 213,11,6.9783,562,3045
1015,1 68 222,11,6.9783,582,3045
1015,1 68 367,11,6.9783,872,3045
1015,1 70 257,11,6.9783,656,3045
1015,1 71 482,11,6.9783,1108,3045
1015,1 74 244,11,6.9783,638,3045
1015,1 75 384,11,6.9783,920,3045
1015,1 76 443,11,6.9783,1040,3045
1015,1 77 213,11,6.9783,582,3045
1015,1 77 358,11,6.9783,872,3045
1015,1 78 373,11,6.9783,904,3045
1015,1 79 96,11,6.9783,352,3045
1015,1 84 206,11,6.9783,582,3045
1015,1 84 374,11,6.9783,918,3045
1015,1 85 448,11,6.9783,1068,3045
1015,1 87 236,11,6.9783,648,3045
1015,1 95 265,11,6.9783,722,3045
1015,1 97 174,11,6.9783,544,3045
1015,1 97 233,11,6.9783,662,3045
1015,1 97 353,11,6.9783,902,3045
1015,1 98 499,11,6.9783,1196,3045
1015,1 101 245,11,6.9783,694,3045
1015,1 101 293,11,6.9783,790,3045
1015,1 104 424,11,6.9783,1058,3045
1015,1 105 180,11,6.9783,572,3045
1015,1 112 380,11,6.9783,986,3045
1015,1 114 159,11,6.9783,548,3045
1015,1 120 186,11,6.9783,614,3045
1015,1 120 215,11,6.9783,672,3045
1015,1 120 392,11,6.9783,1026,3045
1015,1 122 196,11,6.9783,638,3045
1015,1 122 457,11,6.9783,1160,3045
1015,1 123 483,11,6.9783,1214,3045
1015,1 126 142,11,6.9783,538,3045
1015,1 126 395,11,6.9783,1044,3045
1015,1 128 344,11,6.9783,946,3045
1015,1 128 470,11,6.9783,1198,3045
1015,1 134 232,11,6.9783,734,3045
1015,1 134 367,11,6.9783,1004,3045
1015,1 135 163,11,6.9783,598,3045
1015,1 135 166,11,6.9783,604,3045
1015,1 135 489,11,6.9783,1250,3045
1015,1 137 225,11,6.9783,726,3045
1015,1 139 331,11,6.9783,942,3045
1015,1 141 262,11,6.9783,808,3045
1015,1 142 239,11,6.9783,764,3045
1015,1 144 164,11,6.9783,618,3045
1015,1 144 177,11,6.9783,644,3045
1015,1 144 258,11,6.9783,806,3045
1015,1 144 416,11,6.9783,1122,3045
1015,1 146 164,11,6.9783,622,3045
1015,1 146 403,11,6.9783,1100,3045
1015,1 146 416,11,6.9783,1126,3045
1015,1 147 172,11,6.9783,640,3045
1015,1 148 162,11,6.9783,622,3045
1015,1 152 222,11,6.9783,750,3045
1015,1 160 248,11,6.9783,818,3045
1015,1 162 398,11,6.9783,1122,3045
1015,1 165 454,11,6.9783,1240,3045
1015,1 168 187,11,6.9783,712,3045
1015,1 168 208,11,6.9783,754,3045
1015,1 168 240,11,6.9783,818,3045
1015,1 171 469,11,6.9783,1282,3045
1015,1 176 467,11,6.9783,1288,3045
1015,1 177 291,11,6.9783,938,3045
1015,1 177 373,11,6.9783,1102,3045
1015,1 179 287,11,6.9783,934,3045
1015,1 191 425,11,6.9783,1234,3045
1015,1 192 457,11,6.9783,1300,3045
1015,1 193 452,11,6.9783,1292,3045
1015,1 195 225,11,6.9783,842,3045
1015,1 195 283,11,6.9783,958,3045
1015,1 199 227,11,6.9783,854,3045
1015,1 200 264,11,6.9783,930,3045
1015,1 201 490,11,6.9783,1384,3045
1015,1 205 427,11,6.9783,1266,3045
1015,1 206 496,11,6.9783,1406,3045
1015,1 207 247,11,6.9783,910,3045
1015,1 207 279,11,6.9783,974,3045
1015,1 208 354,11,6.9783,1126,3045
1015,1 210 335,11,6.9783,1092,3045
1015,1 213 358,11,6.9783,1144,3045
1015,1 214 470,11,6.9783,1370,3045
1015,1 217 347,11,6.9783,1130,3045
1015,1 220 260,11,6.9783,962,3045
1015,1 222 367,11,6.9783,1180,3045
1015,1 223 492,11,6.9783,1432,3045
1015,1 224 270,11,6.9783,990,3045
1015,1 227 417,11,6.9783,1290,3045
1015,1 229 496,11,6.9783,1452,3045
1015,1 231 380,11,6.9783,1224,3045
1015,1 231 478,11,6.9783,1420,3045
1015,1 231 497,11,6.9783,1458,3045
1015,1 232 293,11,6.9783,1052,3045
1015,1 239 276,11,6.9783,1032,3045
1015,1 239 307,11,6.9783,1094,3045
1015,1 251 402,11,6.9783,1308,3045
1015,1 256 283,11,6.9783,1080,3045
1015,1 258 434,11,6.9783,1386,3045
1015,1 262 444,11,6.9783,1414,3045
1015,1 263 369,11,6.9783,1266,3045
1015,1 264 293,11,6.9783,1116,3045
1015,1 266 327,11,6.9783,1188,3045
1015,1 269 315,11,6.9783,1170,3045
1015,1 271 434,11,6.9783,1412,3045
1015,1 271 436,11,6.9783,1416,3045
1015,1 283 356,11,6.9783,1280,3045
1015,1 285 455,11,6.9783,1482,3045
1015,1 287 489,11,6.9783,1554,3045
1015,1 289 309,11,6.9783,1198,3045
1015,1 289 403,11,6.9783,1386,3045
1015,1 289 454,11,6.9783,1488,3045
1015,1 289 467,11,6.9783,1514,3045
1015,1 291 309,11,6.9783,1202,3045
1015,1 291 322,11,6.9783,1228,3045
1015,1 291 454,11,6.9783,1492,3045
1015,1 298 400,11,6.9783,1398,3045
1015,1 301 390,11,6.9783,1384,3045
1015,1 303 421,11,6.9783,1450,3045
1015,1 305 452,11,6.9783,1516,3045
1015,1 307 386,11,6.9783,1388,3045
1015,1 311 380,11,6.9783,1384,3045
1015,1 312 490,11,6.9783,1606,3045
1015,1 313 372,11,6.9783,1372,3045
1015,1 313 414,11,6.9783,1456,3045
1015,1 314 404,11,6.9783,1438,3045
1015,1 318 396,11,6.9783,1430,3045
1015,1 322 388,11,6.9783,1422,3045
1015,1 322 436,11,6.9783,1518,3045
1015,1 322 493,11,6.9783,1632,3045
1015,1 323 490,11,6.9783,1628,3045
1015,1 324 402,11,6.9783,1454,3045
1015,1 327 480,11,6.9783,1616,3045
1015,1 344 466,11,6.9783,1622,3045
1015,1 345 373,11,6.9783,1438,3045
1015,1 348 486,11,6.9783,1670,3045
1015,1 351 374,11,6.9783,1452,3045
1015,1 352 492,11,6.9783,1690,3045
1015,1 356 377,11,6.9783,1468,3045
1015,1 359 410,11,6.9783,1540,3045
1015,1 366 420,11,6.9783,1574,3045
1015,1 377 431,11,6.9783,1618,3045
1015,1 380 488,11,6.9783,1738,3045
1015,1 13 126,11,6.98028,280,3045
1015,1 16 105,11,6.98028,244,3045
1015,1 16 189,11,6.98028,412,3045
1015,1 16 454,11,6.98028,942,3045
1015,1 17 182,11,6.98028,400,3045
1015,1 17 234,11,6.98028,504,3045
1015,1 19 174,11,6.98028,388,3045
1015,1 20 226,11,6.98028,494,3045
1015,1 22 436,11,6.98028,918,3045
1015,1 24 398,11,6.98028,846,3045
1015,1 25 319,11,6.98028,690,3045
1015,1 26 140,11,6.98028,334,3045
1015,1 26 307,11,6.98028,668,3045
1015,1 28 297,11,6.98028,652,3045
1015,1 29 163,11,6.98028,386,3045
1015,1 30 218,11,6.98028,498,3045
1015,1 34 214,11,6.98028,498,3045
1015,1 38 348,11,6.98028,774,3045
1015,1 39 207,11,6.98028,494,3045
1015,1 39 385,11,6.98028,850,3045
1015,1 40 216,11,6.98028,514,3045
1015,1 40 217,11,6.98028,516,3045
1015,1 41 320,11,6.98028,724,3045
1015,1 42 304,11,6.98028,694,3045
1015,1 42 478,11,6.98028,1042,3045
1015,1 44 404,11,6.98028,898,3045
1015,1 45 256,11,6.98028,604,3045
1015,1 48 422,11,6.98028,942,3045
1015,1 49 418,11,6.98028,936,3045
1015,1 50 79,11,6.98028,260,3045
1015,1 52 398,11,6.98028,902,3045
1015,1 55 67,11,6.98028,246,3045
1015,1 56 100,11,6.98028,314,3045
1015,1 56 463,11,6.98028,1040,3045
1015,1 57 147,11,6.98028,410,3045
1015,1 58 186,11,6.98028,490,3045
1015,1 58 385,11,6.98028,888,3045
1015,1 61 390,11,6.98028,904,3045
1015,1 62 174,11,6.98028,474,3045
1015,1 62 389,11,6.98028,904,3045
1015,1 63 342,11,6.98028,812,3045
1015,1 65 438,11,6.98028,1008,3045
1015,1 66 209,11,6.98028,552,3045
1015,1 67 184,11,6.98028,504,3045
1015,1 68 296,11,6.98028,730,3045
1015,1 68 394,11,6.98028,926,3045
1015,1 70 444,11,6.98028,1030,3045
1015,1 72 299,11,6.98028,744,3045
1015,1 73 303,11,6.98028,754,3045
1015,1 74 178,11,6.98028,506,3045
1015,1 75 484,11,6.98028,1120,3045
1015,1 78 322,11,6.98028,802,3045
1015,1 84 327,11,6.98028,824,3045
1015,1 87 137,11,6.98028,450,3045
1015,1 87 191,11,6.98028,558,3045
1015,1 87 477,11,6.98028,1130,3045
1015,1 88 409,11,6.98028,996,3045
1015,1 88 480,11,6.98028,1138,3045
1015,1 92 294,11,6.98028,774,3045
1015,1 93 450,11,6.98028,1088,3045
1015,1 96 167,11,6.98028,528,3045
1015,1 97 474,11,6.98028,1144,3045
1015,1 99 215,11,6.98028,630,3045
1015,1 100 452,11,6.98028,1106,3045
1015,1 112 388,11,6.98028,1002,3045
1015,1 115 424,11,6.98028,1080,3045
1015,1 116 187,11,6.98028,608,3045
1015,1 116 374,11,6.98028,982,3045
1015,1 119 172,11,6.98028,584,3045
1015,1 119 286,11,6.98028,812,3045
1015,1 121 220,11,6.98028,684,3045
1015,1 122 207,11,6.98028,660,3045
1015,1 124 301,11,6.98028,852,3045
1015,1 126 225,11,6.98028,704,3045
1015,1 128 237,11,6.98028,732,3045
1015,1 128 395,11,6.98028,1048,3045
1015,1 129 153,11,6.98028,566,3045
1015,1 134 182,11,6.98028,634,3045
1015,1 140 483,11,6.98028,1248,3045
1015,1 148 474,11,6.98028,1246,3045
1015,1 151 275,11,6.98028,854,3045
1015,1 152 162,11,6.98028,630,3045
1015,1 152 274,11,6.98028,854,3045
1015,1 156 497,11,6.98028,1308,3045
1015,1 159 197,11,6.98028,714,3045
1015,1 160 416,11,6.98028,1154,3045
1015,1 166 305,11,6.98028,944,3045
1015,1 166 446,11,6.98028,1226,3045
1015,1 168 356,11,6.98028,1050,3045
1015,1 171 292,11,6.98028,928,3045
1015,1 173 190,11,6.98028,728,3045
1015,1 173 293,11,6.98028,934,3045
1015,1 174 186,11,6.98028,722,3045
1015,1 175 461,11,6.98028,1274,3045
1015,1 179 404,11,6.98028,1168,3045
1015,1 181 224,11,6.98028,812,3045
1015,1 181 304,11,6.98028,972,3045
1015,1 181 349,11,6.98028,1062,3045
1015,1 183 319,11,6.98028,1006,3045
1015,1 186 448,11,6.98028,1270,3045
1015,1 186 502,11,6.98028,1378,3045
1015,1 191 261,11,6.98028,906,3045
1015,1 191 308,11,6.98028,1000,3045
1015,1 191 472,11,6.98028,1328,3045
1015,1 195 357,11,6.98028,1106,3045
1015,1 205 239,11,6.98028,890,3045
1015,1 205 433,11,6.98028,1278,3045
1015,1 208 426,11,6.98028,1270,3045
1015,1 210 232,11,6.98028,886,3045
1015,1 214 310,11,6.98028,1050,3045
1015,1 220 387,11,6.98028,1216,3045
1015,1 221 469,11,6.98028,1382,3045
1015,1 232 442,11,6.98028,1350,3045
1015,1 235 492,11,6.98028,1456,3045
1015,1 239 349,11,6.98028,1178,3045
1015,1 243 277,11,6.98028,1042,3045
1015,1 249 417,11,6.98028,1334,3045
1015,1 251 280,11,6.98028,1064,3045
1015,1 257 323,11,6.98028,1162,3045
1015,1 257 402,11,6.98028,1320,3045
1015,1 261 440,11,6.98028,1404,3045
1015,1 262 345,11,6.98028,1216,3045
1015,1 268 468,11,6.98028,1474,3045
1015,1 272 437,11,6.98028,1420,3045
1015,1 274 447,11,6.98028,1444,3045
1015,1 286 344,11,6.98028,1262,3045
1015,1 286 346,11,6.98028,1266,3045
1015,1 287 404,11,6.98028,1384,3045
1015,1 291 312,11,6.98028,1208,3045
1015,1 291 457,11,6.98028,1498,3045
1015,1 294 352,11,6.98028,1294,3045
1015,1 302 482,11,6.98028,1570,3045
1015,1 303 425,11,6.98028,1458,3045
1015,1 304 394,11,6.98028,1398,3045
1015,1 310 495,11,6.98028,1612,3045
1015,1 311 482,11,6.98028,1588,3045
1015,1 312 436,11,6.98028,1498,3045
1015,1 315 485,11,6.98028,1602,3045
1015,1 322 501,11,6.98028,1648,3045
1015,1 328 443,11,6.98028,1544,3045
1015,1 329 444,11,6.98028,1548,3045
1015,1 334 412,11,6.98028,1494,3045
1015,1 344 485,11,6.98028,1660,3045
1015,1 351 474,11,6.98028,1652,3045
1015,1 359 488,11,6.98028,1696,3045
1015,1 364 380,11,6.98028,1490,3045
1015,1 365 382,11,6.98028,1496,3045
1015,1 368 409,11,6.98028,1556,3045
1015,1 370 389,11,6.98028,1520,3045
1015,1 372 418,11,6.98028,1582,3045
1015,1 380 394,11,6.98028,1550,3045
1015,1 11 231,11,6.98225,486,3045
1015,1 12 305,11,6.98225,636,3045
1015,1 13 137,11,6.98225,302,3045
1015,1 13 297,11,6.98225,622,3045
1015,1 14 426,11,6.98225,882,3045
1015,1 16 367,11,6.98225,768,3045
1015,1 17 218,11,6.98225,472,3045
1015,1 17 391,11,6.98225,818,3045
1015,1 20 424,11,6.98225,890,3045
1015,1 21 369,11,6.98225,782,3045
1015,1 22 427,11,6.98225,900,3045
1015,1 23 418,11,6.98225,884,3045
1015,1 29 105,11,6.98225,270,3045
1015,1 30 251,11,6.98225,564,3045
1015,1 31 363,11,6.98225,790,3045
1015,1 32 108,11,6.98225,282,3045
1015,1 32 116,11,6.98225,298,3045
1015,1 32 182,11,6.98225,430,3045
1015,1 33 469,11,6.98225,1006,3045
1015,1 33 479,11,6.98225,1026,3045
1015,1 37 404,11,6.98225,884,3045
1015,1 41 181,11,6.98225,446,3045
1015,1 46 109,11,6.98225,312,3045
1015,1 47 123,11,6.98225,342,3045
1015,1 47 257,11,6.98225,610,3045
1015,1 47 477,11,6.98225,1050,3045
1015,1 47 489,11,6.98225,1074,3045
1015,1 51 299,11,6.98225,702,3045
1015,1 52 342,11,6.98225,790,3045
1015,1 53 144,11,6.98225,396,3045
1015,1 53 474,11,6.98225,1056,3045
1015,1 55 98,11,6.98225,308,3045
1015,1 55 201,11,6.98225,514,3045
1015,1 69 390,11,6.98225,920,3045
1015,1 70 480,11,6.98225,1102,3045
1015,1 74 168,11,6.98225,486,3045
1015,1 76 180,11,6.98225,514,3045
1015,1 78 179,11,6.98225,516,3045
1015,1 78 479,11,6.98225,1116,3045
1015,1 79 450,11,6.98225,1060,3045
1015,1 82 299,11,6.98225,764,3045
1015,1 83 304,11,6.98225,776,3045
1015,1 83 458,11,6.98225,1084,3045
1015,1 84 98,11,6.98225,366,3045
1015,1 85 498,11,6.98225,1168,3045
1015,1 89 108,11,6.98225,396,3045
1015,1 89 163,11,6.98225,506,3045
1015,1 91 503,11,6.98225,1190,3045
1015,1 92 144,11,6.98225,474,3045
1015,1 92 146,11,6.98225,478,3045
1015,1 92 289,11,6.98225,764,3045
1015,1 92 291,11,6.98225,768,3045
1015,1 92 434,11,6.98225,1054,3045
1015,1 92 436,11,6.98225,1058,3045
1015,1 93 220,11,6.98225,628,3045
1015,1 93 342,11,6.98225,872,3045
1015,1 95 155,11,6.98225,502,3045
1015,1 96 112,11,6.98225,418,3045
1015,1 97 154,11,6.98225,504,3045
1015,1 98 219,11,6.98225,636,3045
1015,1 98 268,11,6.98225,734,3045
1015,1 98 452,11,6.98225,1102,3045
1015,1 99 351,11,6.98225,902,3045
1015,1 101 480,11,6.98225,1164,3045
1015,1 108 249,11,6.98225,716,3045
1015,1 108 351,11,6.98225,920,3045
1015,1 110 423,11,6.98225,1068,3045
1015,1 112 237,11,6.98225,700,3045
1015,1 113 133,11,6.98225,494,3045
1015,1 117 491,11,6.98225,1218,3045
1015,1 119 320,11,6.98225,880,3045
1015,1 119 323,11,6.98225,886,3045
1015,1 121 156,11,6.98225,556,3045
1015,1 123 168,11,6.98225,584,3045
1015,1 125 300,11,6.98225,852,3045
1015,1 128 226,11,6.98225,710,3045
1015,1 128 364,11,6.98225,986,3045
1015,1 128 489,11,6.98225,1236,3045
1015,1 129 428,11,6.98225,1116,3045
1015,1 129 489,11,6.98225,1238,3045
1015,1 131 152,11,6.98225,568,3045
1015,1 143 347,11,6.98225,982,3045
1015,1 143 383,11,6.98225,1054,3045
1015,1 146 237,11,6.98225,768,3045
1015,1 147 260,11,6.98225,816,3045
1015,1 147 315,11,6.98225,926,3045
1015,1 149 251,11,6.98225,802,3045
1015,1 151 211,11,6.98225,726,3045
1015,1 156 420,11,6.98225,1154,3045
1015,1 158 453,11,6.98225,1224,3045
1015,1 168 234,11,6.98225,806,3045
1015,1 168 358,11,6.98225,1054,3045
1015,1 171 487,11,6.98225,1318,3045
1015,1 172 239,11,6.98225,824,3045
1015,1 177 213,11,6.98225,782,3045
1015,1 178 189,11,6.98225,736,3045
1015,1 183 195,11,6.98225,758,3045
1015,1 183 481,11,6.98225,1330,3045
1015,1 184 288,11,6.98225,946,3045
1015,1 189 231,11,6.98225,842,3045
1015,1 192 428,11,6.98225,1242,3045
1015,1 196 222,11,6.98225,838,3045
1015,1 197 266,11,6.98225,928,3045
1015,1 197 342,11,6.98225,1080,3045
1015,1 198 289,11,6.98225,976,3045
1015,1 198 363,11,6.98225,1124,3045
1015,1 199 384,11,6.98225,1168,3045
1015,1 200 248,11,6.98225,898,3045
1015,1 205 382,11,6.98225,1176,3045
1015,1 206 493,11,6.98225,1400,3045
1015,1 207 288,11,6.98225,992,3045
1015,1 212 389,11,6.98225,1204,3045
1015,1 215 456,11,6.98225,1344,3045
1015,1 217 465,11,6.98225,1366,3045
1015,1 222 377,11,6.98225,1200,3045
1015,1 222 384,11,6.98225,1214,3045
1015,1 224 274,11,6.98225,998,3045
1015,1 225 404,11,6.98225,1260,3045
1015,1 226 418,11,6.98225,1290,3045
1015,1 230 397,11,6.98225,1256,3045
1015,1 238 342,11,6.98225,1162,3045
1015,1 239 489,11,6.98225,1458,3045
1015,1 241 273,11,6.98225,1030,3045
1015,1 242 452,11,6.98225,1390,3045
1015,1 246 362,11,6.98225,1218,3045
1015,1 247 295,11,6.98225,1086,3045
1015,1 256 288,11,6.98225,1090,3045
1015,1 256 433,11,6.98225,1380,3045
1015,1 258 301,11,6.98225,1120,3045
1015,1 260 412,11,6.98225,1346,3045
1015,1 263 445,11,6.98225,1418,3045
1015,1 267 365,11,6.98225,1266,3045
1015,1 271 377,11,6.98225,1298,3045
1015,1 273 317,11,6.98225,1182,3045
1015,1 274 344,11,6.98225,1238,3045
1015,1 279 501,11,6.98225,1562,3045
1015,1 280 320,11,6.98225,1202,3045
1015,1 286 454,11,6.98225,1482,3045
1015,1 287 334,11,6.98225,1244,3045
1015,1 291 382,11,6.98225,1348,3045
1015,1 293 462,11,6.98225,1512,3045
1015,1 295 372,11,6.98225,1336,3045
1015,1 295 500,11,6.98225,1592,3045
1015,1 298 344,11,6.98225,1286,3045
1015,1 298 394,11,6.98225,1386,3045
1015,1 302 364,11,6.98225,1334,3045
1015,1 304 395,11,6.98225,1400,3045
1015,1 308 447,11,6.98225,1512,3045
1015,1 312 454,11,6.98225,1534,3045
1015,1 315 501,11,6.98225,1634,3045
1015,1 322 441,11,6.98225,1528,3045
1015,1 331 461,11,6.98225,1586,3045
1015,1 333 441,11,6.98225,1550,3045
1015,1 342 383,11,6.98225,1452,3045
1015,1 342 487,11,6.98225,1660,3045
1015,1 343 434,11,6.98225,1556,3045
1015,1 352 499,11,6.98225,1704,3045
1015,1 353 379,11,6.98225,1466,3045
1015,1 362 409,11,6.98225,1544,3045
1015,1 363 452,11,6.98225,1632,3045
1015,1 365 477,11,6.98225,1686,3045
1015,1 380 461,11,6.98225,1684,3045
1015,1 17 235,11,6.98422,506,3045
1015,1 18 278,11,6.98422,594,3045
1015,1 18 365,11,6.98422,768,3045
1015,1 18 458,11,6.98422,954,3045
1015,1 20 464,11,6.98422,970,3045
1015,1 21 377,11,6.98422,798,3045
1015,1 22 102,11,6.98422,250,3045
1015,1 24 201,11,6.98422,452,3045
1015,1 25 195,11,6.98422,442,3045
1015,1 28 258,11,6.98422,574,3045
1015,1 30 472,11,6.98422,1006,3045
1015,1 31 103,11,6.98422,270,3045
1015,1 32 469,11,6.98422,1004,3045
1015,1 36 233,11,6.98422,540,3045
1015,1 43 362,11,6.98422,812,3045
1015,1 44 301,11,6.98422,692,3045
1015,1 46 447,11,6.98422,988,3045
1015,1 51 497,11,6.98422,1098,3045
1015,1 52 92,11,6.98422,290,3045
1015,1 52 471,11,6.98422,1048,3045
1015,1 53 91,11,6.98422,290,3045
1015,1 54 77,11,6.98422,264,3045
1015,1 56 325,11,6.98422,764,3045
1015,1 59 143,11,6.98422,406,3045
1015,1 59 263,11,6.98422,646,3045
1015,1 60 248,11,6.98422,618,3045
1015,1 60 335,11,6.98422,792,3045
1015,1 63 329,11,6.98422,786,3045
1015,1 64 140,11,6.98422,410,3045
1015,1 64 227,11,6.98422,584,3045
1015,1 66 81,11,6.98422,296,3045
1015,1 67 106,11,6.98422,348,3045
1015,1 68 312,11,6.98422,762,3045
1015,1 70 156,11,6.98422,454,3045
1015,1 71 168,11,6.98422,480,3045
1015,1 72 480,11,6.98422,1106,3045
1015,1 76 401,11,6.98422,956,3045
1015,1 80 262,11,6.98422,686,3045
1015,1 82 431,11,6.98422,1028,3045
1015,1 82 461,11,6.98422,1088,3045
1015,1 83 322,11,6.98422,812,3045
1015,1 83 454,11,6.98422,1076,3045
1015,1 84 489,11,6.98422,1148,3045
1015,1 86 118,11,6.98422,410,3045
1015,1 86 288,11,6.98422,750,3045
1015,1 91 105,11,6.98422,394,3045
1015,1 94 133,11,6.98422,456,3045
1015,1 95 399,11,6.98422,990,3045
1015,1 97 441,11,6.98422,1078,3045
1015,1 101 394,11,6.98422,992,3045
1015,1 103 328,11,6.98422,864,3045
1015,1 105 325,11,6.98422,862,3045
1015,1 106 393,11,6.98422,1000,3045
1015,1 111 178,11,6.98422,580,3045
1015,1 111 315,11,6.98422,854,3045
1015,1 112 386,11,6.98422,998,3045
1015,1 115 399,11,6.98422,1030,3045
1015,1 120 136,11,6.98422,514,3045
1015,1 121 393,11,6.98422,1030,3045
1015,1 124 403,11,6.98422,1056,3045
1015,1 126 358,11,6.98422,970,3045
1015,1 126 397,11,6.98422,1048,3045
1015,1 131 298,11,6.98422,860,3045
1015,1 135 243,11,6.98422,758,3045
1015,1 135 319,11,6.98422,910,3045
1015,1 141 373,11,6.98422,1030,3045
1015,1 143 316,11,6.98422,920,3045
1015,1 151 473,11,6.98422,1250,3045
1015,1 152 371,11,6.98422,1048,3045
1015,1 154 227,11,6.98422,764,3045
1015,1 157 219,11,6.98422,754,3045
1015,1 159 408,11,6.98422,1136,3045
1015,1 164 184,11,6.98422,698,3045
1015,1 171 313,11,6.98422,970,3045
1015,1 171 376,11,6.98422,1096,3045
1015,1 176 459,11,6.98422,1272,3045
1015,1 178 260,11,6.98422,878,3045
1015,1 180 306,11,6.98422,974,3045
1015,1 181 427,11,6.98422,1218,3045
1015,1 184 263,11,6.98422,896,3045
1015,1 185 243,11,6.98422,858,3045
1015,1 199 448,11,6.98422,1296,3045
1015,1 207 343,11,6.98422,1102,3045
1015,1 217 248,11,6.98422,932,3045
1015,1 221 257,11,6.98422,958,3045
1015,1 222 427,11,6.98422,1300,3045
1015,1 224 384,11,6.98422,1218,3045
1015,1 224 428,11,6.98422,1306,3045
1015,1 225 418,11,6.98422,1288,3045
1015,1 225 472,11,6.98422,1396,3045
1015,1 225 492,11,6.98422,1436,3045
1015,1 227 247,11,6.98422,950,3045
1015,1 229 494,11,6.98422,1448,3045
1015,1 233 331,11,6.98422,1130,3045
1015,1 236 488,11,6.98422,1450,3045
1015,1 241 282,11,6.98422,1048,3045
1015,1 247 363,11,6.98422,1222,3045
1015,1 251 282,11,6.98422,1068,3045
1015,1 251 400,11,6.98422,1304,3045
1015,1 258 328,11,6.98422,1174,3045
1015,1 261 399,11,6.98422,1322,3045
1015,1 264 391,11,6.98422,1312,3045
1015,1 268 313,11,6.98422,1164,3045
1015,1 268 355,11,6.98422,1248,3045
1015,1 282 415,11,6.98422,1396,3045
1015,1 283 318,11,6.98422,1204,3045
1015,1 286 322,11,6.98422,1218,3045
1015,1 293 308,11,6.98422,1204,3045
1015,1 296 389,11,6.98422,1372,3045
1015,1 302 318,11,6.98422,1242,3045
1015,1 302 351,11,6.98422,1308,3045
1015,1 303 362,11,6.98422,1332,3045
1015,1 313 497,11,6.98422,1622,3045
1015,1 316 358,11,6.98422,1350,3045
1015,1 321 449,11,6.98422,1542,3045
1015,1 321 489,11,6.98422,1622,3045
1015,1 322 475,11,6.98422,1596,3045
1015,1 323 466,11,6.98422,1580,3045
1015,1 330 461,11,6.98422,1584,3045
1015,1 342 486,11,6.98422,1658,3045
1015,1 343 383,11,6.98422,1454,3045
1015,1 343 440,11,6.98422,1568,3045
1015,1 345 437,11,6.98422,1566,3045
1015,1 346 399,11,6.98422,1492,3045
1015,1 379 429,11,6.98422,1618,3045
1015,1 12 219,11,6.98619,464,3045
1015,1 12 228,11,6.98619,482,3045
1015,1 12 393,11,6.98619,812,3045
1015,1 14 221,11,6.98619,472,3045
1015,1 16 293,11,6.98619,620,3045
1015,1 17 151,11,6.98619,338,3045
1015,1 18 119,11,6.98619,276,3045
1015,1 18 220,11,6.98619,478,3045
1015,1 19 143,11,6.98619,326,3045
1015,1 19 423,11,6.98619,886,3045
1015,1 20 111,11,6.98619,264,3045
1015,1 21 153,11,6.98619,350,3045
1015,1 21 236,11,6.98619,516,3045
1015,1 21 428,11,6.98619,900,3045
1015,1 21 449,11,6.98619,942,3045
1015,1 25 109,11,6.98619,270,3045
1015,1 25 116,11,6.98619,284,3045
1015,1 25 310,11,6.98619,672,3045
1015,1 27 121,11,6.98619,298,3045
1015,1 32 313,11,6.98619,692,3045
1015,1 34 432,11,6.98619,934,3045
1015,1 36 395,11,6.98619,864,3045
1015,1 40 208,11,6.98619,498,3045
1015,1 42 95,11,6.98619,276,3045
1015,1 47 209,11,6.98619,514,3045
1015,1 47 360,11,6.98619,816,3045
1015,1 48 393,11,6.98619,884,3045
1015,1 50 392,11,6.98619,886,3045
1015,1 53 278,11,6.98619,664,3045
1015,1 55 155,11,6.98619,422,3045
1015,1 56 103,11,6.98619,320,3045
1015,1 56 486,11,6.98619,1086,3045
1015,1 57 218,11,6.98619,552,3045
1015,1 57 259,11,6.98619,634,3045
1015,1 57 313,11,6.98619,742,3045
1015,1 58 458,11,6.98619,1034,3045
1015,1 60 230,11,6.98619,582,3045
1015,1 60 495,11,6.98619,1112,3045
1015,1 63 282,11,6.98619,692,3045
1015,1 64 265,11,6.98619,660,3045
1015,1 64 266,11,6.98619,662,3045
1015,1 64 343,11,6.98619,816,3045
1015,1 67 172,11,6.98619,480,3045
1015,1 68 264,11,6.98619,666,3045
1015,1 69 377,11,6.98619,894,3045
1015,1 75 259,11,6.98619,670,3045
1015,1 76 129,11,6.98619,412,3045
1015,1 76 284,11,6.98619,722,3045
1015,1 81 498,11,6.98619,1160,3045
1015,1 82 319,11,6.98619,804,3045
1015,1 83 287,11,6.98619,742,3045
1015,1 83 443,11,6.98619,1054,3045
1015,1 85 230,11,6.98619,632,3045
1015,1 85 350,11,6.98619,872,3045
1015,1 90 162,11,6.98619,506,3045
1015,1 90 432,11,6.98619,1046,3045
1015,1 91 111,11,6.98619,406,3045
1015,1 97 478,11,6.98619,1152,3045
1015,1 98 473,11,6.98619,1144,3045
1015,1 101 383,11,6.98619,970,3045
1015,1 101 417,11,6.98619,1038,3045
1015,1 107 273,11,6.98619,762,3045
1015,1 108 242,11,6.98619,702,3045
1015,1 108 310,11,6.98619,838,3045
1015,1 111 497,11,6.98619,1218,3045
1015,1 112 184,11,6.98619,594,3045
1015,1 115 258,11,6.98619,748,3045
1015,1 121 211,11,6.98619,666,3045
1015,1 121 398,11,6.98619,1040,3045
1015,1 122 195,11,6.98619,636,3045
1015,1 124 294,11,6.98619,838,3045
1015,1 124 328,11,6.98619,906,3045
1015,1 125 280,11,6.98619,812,3045
1015,1 125 282,11,6.98619,816,3045
1015,1 126 206,11,6.98619,666,3045
1015,1 129 140,11,6.98619,540,3045
1015,1 130 141,11,6.98619,544,3045
1015,1 133 171,11,6.98619,610,3045
1015,1 135 419,11,6.98619,1110,3045
1015,1 135 499,11,6.98619,1270,3045
1015,1 138 374,11,6.98619,1026,3045
1015,1 139 390,11,6.98619,1060,3045
1015,1 140 267,11,6.98619,816,3045
1015,1 147 463,11,6.98619,1222,3045
1015,1 148 309,11,6.98619,916,3045
1015,1 149 335,11,6.98619,970,3045
1015,1 150 243,11,6.98619,788,3045
1015,1 150 493,11,6.98619,1288,3045
1015,1 151 213,11,6.98619,730,3045
1015,1 151 396,11,6.98619,1096,3045
1015,1 153 241,11,6.98619,790,3045
1015,1 157 201,11,6.98619,718,3045
1015,1 159 227,11,6.98619,774,3045
1015,1 164 185,11,6.98619,700,3045
1015,1 164 414,11,6.98619,1158,3045
1015,1 165 485,11,6.98619,1302,3045
1015,1 168 364,11,6.98619,1066,3045
1015,1 172 444,11,6.98619,1234,3045
1015,1 179 195,11,6.98619,750,3045
1015,1 183 258,11,6.98619,884,3045
1015,1 183 403,11,6.98619,1174,3045
1015,1 188 418,11,6.98619,1214,3045
1015,1 200 460,11,6.98619,1322,3045
1015,1 201 428,11,6.98619,1260,3045
1015,1 205 351,11,6.98619,1114,3045
1015,1 220 315,11,6.98619,1072,3045
1015,1 221 423,11,6.98619,1290,3045
1015,1 222 466,11,6.98619,1378,3045
1015,1 225 239,11,6.98619,930,3045
1015,1 225 307,11,6.98619,1066,3045
1015,1 225 388,11,6.98619,1228,3045
1015,1 226 359,11,6.98619,1172,3045
1015,1 226 463,11,6.98619,1380,3045
1015,1 227 256,11,6.98619,968,3045
1015,1 227 362,11,6.98619,1180,3045
1015,1 229 265,11,6.98619,990,3045
1015,1 229 411,11,6.98619,1282,3045
1015,1 242 465,11,6.98619,1416,3045
1015,1 245 299,11,6.98619,1090,3045
1015,1 245 310,11,6.98619,1112,3045
1015,1 250 472,11,6.98619,1446,3045
1015,1 251 311,11,6.98619,1126,3045
1015,1 251 477,11,6.98619,1458,3045
1015,1 256 461,11,6.98619,1436,3045
1015,1 257 401,11,6.98619,1318,3045
1015,1 258 325,11,6.98619,1168,3045
1015,1 260 344,11,6.98619,1210,3045
1015,1 264 279,11,6.98619,1088,3045
1015,1 267 312,11,6.98619,1160,3045
1015,1 271 364,11,6.98619,1272,3045
1015,1 272 378,11,6.98619,1302,3045
1015,1 272 423,11,6.98619,1392,3045
1015,1 281 380,11,6.98619,1324,3045
1015,1 295 497,11,6.98619,1586,3045
1015,1 299 394,11,6.98619,1388,3045
1015,1 300 464,11,6.98619,1530,3045
1015,1 301 332,11,6.98619,1268,3045
1015,1 303 351,11,6.98619,1310,3045
1015,1 310 454,11,6.98619,1530,3045
1015,1 313 374,11,6.98619,1376,3045
1015,1 314 355,11,6.98619,1340,3045
1015,1 315 498,11,6.98619,1628,3045
1015,1 321 364,11,6.98619,1372,3045
1015,1 321 433,11,6.98619,1510,3045
1015,1 324 420,11,6.98619,1490,3045
1015,1 325 495,11,6.98619,1642,3045
1015,1 327 495,11,6.98619,1646,3045
1015,1 328 496,11,6.98619,1650,3045
1015,1 350 375,11,6.98619,1452,3045
1015,1 354 490,11,6.98619,1690,3045
1015,1 358 375,11,6.98619,1468,3045
1015,1 358 445,11,6.98619,1608,3045
1015,1 358 461,11,6.98619,1640,3045
1015,1 375 495,11,6.98619,1742,3045
1015,1 377 456,11,6.98619,1668,3045
1015,1 10 421,11,6.98817,864,3045
1015,1 11 377,11,6.98817,778,3045
1015,1 13 98,11,6.98817,224,3045
1015,1 14 374,11,6.98817,778,3045
1015,1 15 98,11,6.98817,228,3045
1015,1 15 115,11,6.98817,262,3045
1015,1 16 420,11,6.98817,874,3045
1015,1 17 225,11,6.98817,486,3045
1015,1 19 224,11,6.98817,488,3045
1015,1 19 266,11,6.98817,572,3045
1015,1 20 168,11,6.98817,378,3045
1015,1 21 161,11,6.98817,366,3045
1015,1 23 395,11,6.98817,838,3045
1015,1 24 256,11,6.98817,562,3045
1015,1 24 443,11,6.98817,936,3045
1015,1 26 139,11,6.98817,332,3045
1015,1 26 300,11,6.98817,654,3045
1015,1 26 460,11,6.98817,974,3045
1015,1 30 325,11,6.98817,712,3045
1015,1 32 84,11,6.98817,234,3045
1015,1 37 270,11,6.98817,616,3045
1015,1 37 476,11,6.98817,1028,3045
1015,1 38 160,11,6.98817,398,3045
1015,1 39 330,11,6.98817,740,3045
1015,1 39 346,11,6.98817,772,3045
1015,1 39 480,11,6.98817,1040,3045
1015,1 40 342,11,6.98817,766,3045
1015,1 42 192,11,6.98817,470,3045
1015,1 44 314,11,6.98817,718,3045
1015,1 45 172,11,6.98817,436,3045
1015,1 45 201,11,6.98817,494,3045
1015,1 45 261,11,6.98817,614,3045
1015,1 46 156,11,6.98817,406,3045
1015,1 48 77,11,6.98817,252,3045
1015,1 50 261,11,6.98817,624,3045
1015,1 51 325,11,6.98817,754,3045
1015,1 53 433,11,6.98817,974,3045
1015,1 55 100,11,6.98817,312,3045
1015,1 56 260,11,6.98817,634,3045
1015,1 56 382,11,6.98817,878,3045
1015,1 58 83,11,6.98817,284,3045
1015,1 58 256,11,6.98817,630,3045
1015,1 58 369,11,6.98817,856,3045
1015,1 59 81,11,6.98817,282,3045
1015,1 59 499,11,6.98817,1118,3045
1015,1 63 226,11,6.98817,580,3045
1015,1 70 129,11,6.98817,400,3045
1015,1 72 318,11,6.98817,782,3045
1015,1 73 349,11,6.98817,846,3045
1015,1 74 171,11,6.98817,492,3045
1015,1 74 385,11,6.98817,920,3045
1015,1 75 92,11,6.98817,336,3045
1015,1 75 129,11,6.98817,410,3045
1015,1 75 192,11,6.98817,536,3045
1015,1 76 87,11,6.98817,328,3045
1015,1 77 164,11,6.98817,484,3045
1015,1 77 447,11,6.98817,1050,3045
1015,1 78 476,11,6.98817,1110,3045
1015,1 79 357,11,6.98817,874,3045
1015,1 80 410,11,6.98817,982,3045
1015,1 85 179,11,6.98817,530,3045
1015,1 85 242,11,6.98817,656,3045
1015,1 86 139,11,6.98817,452,3045
1015,1 86 284,11,6.98817,742,3045
1015,1 87 226,11,6.98817,628,3045
1015,1 89 437,11,6.98817,1054,3045
1015,1 90 110,11,6.98817,402,3045
1015,1 91 302,11,6.98817,788,3045
1015,1 91 347,11,6.98817,878,3045
1015,1 92 380,11,6.98817,946,3045
1015,1 92 449,11,6.98817,1084,3045
1015,1 93 133,11,6.98817,454,3045
1015,1 95 299,11,6.98817,790,3045
1015,1 96 176,11,6.98817,546,3045
1015,1 96 420,11,6.98817,1034,3045
1015,1 97 321,11,6.98817,838,3045
1015,1 101 485,11,6.98817,1174,3045
1015,1 102 274,11,6.98817,754,3045
1015,1 102 349,11,6.98817,904,3045
1015,1 102 395,11,6.98817,996,3045
1015,1 104 324,11,6.98817,858,3045
1015,1 106 237,11,6.98817,688,3045
1015,1 109 241,11,6.98817,702,3045
1015,1 112 250,11,6.98817,726,3045
1015,1 112 256,11,6.98817,738,3045
1015,1 114 244,11,6.98817,718,3045
1015,1 116 497,11,6.98817,1228,3045
1015,1 117 497,11,6.98817,1230,3045
1015,1 120 263,11,6.98817,768,3045
1015,1 124 139,11,6.98817,528,3045
1015,1 126 207,11,6.98817,668,3045
1015,1 129 331,11,6.98817,922,3045
1015,1 130 335,11,6.98817,932,3045
1015,1 133 152,11,6.98817,572,3045
1015,1 133 424,11,6.98817,1116,3045
1015,1 135 216,11,6.98817,704,3045
1015,1 137 360,11,6.98817,996,3045
1015,1 140 411,11,6.98817,1104,3045
1015,1 142 408,11,6.98817,1102,3045
1015,1 142 417,11,6.98817,1120,3045
1015,1 143 308,11,6.98817,904,3045
1015,1 147 178,11,6.98817,652,3045
1015,1 148 231,11,6.98817,760,3045
1015,1 149 384,11,6.98817,1068,3045
1015,1 154 260,11,6.98817,830,3045
1015,1 154 362,11,6.98817,1034,3045
1015,1 161 280,11,6.98817,884,3045
1015,1 163 190,11,6.98817,708,3045
1015,1 164 216,11,6.98817,762,3045
1015,1 166 376,11,6.98817,1086,3045
1015,1 171 263,11,6.98817,870,3045
1015,1 175 284,11,6.98817,920,3045
1015,1 175 295,11,6.98817,942,3045
1015,1 176 270,11,6.98817,894,3045
1015,1 179 411,11,6.98817,1182,3045
1015,1 180 432,11,6.98817,1226,3045
1015,1 182 205,11,6.98817,776,3045
1015,1 183 440,11,6.98817,1248,3045
1015,1 184 328,11,6.98817,1026,3045
1015,1 184 421,11,6.98817,1212,3045
1015,1 187 485,11,6.98817,1346,3045
1015,1 189 268,11,6.98817,916,3045
1015,1 193 296,11,6.98817,980,3045
1015,1 193 426,11,6.98817,1240,3045
1015,1 195 478,11,6.98817,1348,3045
1015,1 197 433,11,6.98817,1262,3045
1015,1 199 285,11,6.98817,970,3045
1015,1 200 281,11,6.98817,964,3045
1015,1 205 247,11,6.98817,906,3045
1015,1 205 315,11,6.98817,1042,3045
1015,1 206 484,11,6.98817,1382,3045
1015,1 211 494,11,6.98817,1412,3045
1015,1 214 279,11,6.98817,988,3045
1015,1 215 499,11,6.98817,1430,3045
1015,1 218 316,11,6.98817,1070,3045
1015,1 218 389,11,6.98817,1216,3045
1015,1 219 376,11,6.98817,1192,3045
1015,1 219 489,11,6.98817,1418,3045
1015,1 221 269,11,6.98817,982,3045
1015,1 222 378,11,6.98817,1202,3045
1015,1 225 350,11,6.98817,1152,3045
1015,1 225 408,11,6.98817,1268,3045
1015,1 225 477,11,6.98817,1406,3045
1015,1 226 349,11,6.98817,1152,3045
1015,1 229 271,11,6.98817,1002,3045
1015,1 229 378,11,6.98817,1216,3045
1015,1 230 270,11,6.98817,1002,3045
1015,1 232 497,11,6.98817,1460,3045
1015,1 233 330,11,6.98817,1128,3045
1015,1 233 479,11,6.98817,1426,3045
1015,1 236 335,11,6.98817,1144,3045
1015,1 241 281,11,6.98817,1046,3045
1015,1 247 393,11,6.98817,1282,3045
1015,1 260 357,11,6.98817,1236,3045
1015,1 275 342,11,6.98817,1236,3045
1015,1 276 354,11,6.98817,1262,3045
1015,1 280 444,11,6.98817,1450,3045
1015,1 283 415,11,6.98817,1398,3045
1015,1 287 315,11,6.98817,1206,3045
1015,1 292 408,11,6.98817,1402,3045
1015,1 293 342,11,6.98817,1272,3045
1015,1 296 349,11,6.98817,1292,3045
1015,1 299 385,11,6.98817,1370,3045
1015,1 299 501,11,6.98817,1602,3045
1015,1 301 427,11,6.98817,1458,3045
1015,1 304 448,11,6.98817,1506,3045
1015,1 314 366,11,6.98817,1362,3045
1015,1 314 401,11,6.98817,1432,3045
1015,1 318 395,11,6.98817,1428,3045
1015,1 322 404,11,6.98817,1454,3045
1015,1 328 378,11,6.98817,1414,3045
1015,1 345 418,11,6.98817,1528,3045
1015,1 353 380,11,6.98817,1468,3045
1015,1 364 393,11,6.98817,1516,3045
1015,1 373 500,11,6.98817,1748,3045
1015,1 374 469,11,6.98817,1688,3045
1015,1 380 484,11,6.98817,1730,3045
1015,1 12 446,11,6.99014,918,3045
1015,1 13 367,11,6.99014,762,3045
1015,1 14 106,11,6.99014,242,3045
1015,1 14 187,11,6.99014,404,3045
1015,1 14 216,11,6.99014,462,3045
1015,1 14 287,11,6.99014,604,3045
1015,1 15 380,11,6.99014,792,3045
1015,1 16 124,11,6.99014,282,3045
1015,1 17 132,11,6.99014,300,3045
1015,1 17 388,11,6.99014,812,3045
1015,1 19 289,11,6.99014,618,3045
1015,1 19 291,11,6.99014,622,3045
1015,1 20 453,11,6.99014,948,3045
1015,1 21 384,11,6.99014,812,3045
1015,1 24 292,11,6.99014,634,3045
1015,1 26 324,11,6.99014,702,3045
1015,1 27 265,11,6.99014,586,3045
1015,1 27 445,11,6.99014,946,3045
1015,1 30 163,11,6.99014,388,3045
1015,1 30 351,11,6.99014,764,3045
1015,1 35 96,11,6.99014,264,3045
1015,1 38 483,11,6.99014,1044,3045
1015,1 39 456,11,6.99014,992,3045
1015,1 40 453,11,6.99014,988,3045
1015,1 41 93,11,6.99014,270,3045
1015,1 41 111,11,6.99014,306,3045
1015,1 42 137,11,6.99014,360,3045
1015,1 43 471,11,6.99014,1030,3045
1015,1 44 458,11,6.99014,1006,3045
1015,1 46 250,11,6.99014,594,3045
1015,1 50 137,11,6.99014,376,3045
1015,1 50 264,11,6.99014,630,3045
1015,1 52 463,11,6.99014,1032,3045
1015,1 56 349,11,6.99014,812,3045
1015,1 57 73,11,6.99014,262,3045
1015,1 57 81,11,6.99014,278,3045
1015,1 60 310,11,6.99014,742,3045
1015,1 61 84,11,6.99014,292,3045
1015,1 61 206,11,6.99014,536,3045
1015,1 61 408,11,6.99014,940,3045
1015,1 62 168,11,6.99014,462,3045
1015,1 64 421,11,6.99014,972,3045
1015,1 65 307,11,6.99014,746,3045
1015,1 66 84,11,6.99014,302,3045
1015,1 66 223,11,6.99014,580,3045
1015,1 66 368,11,6.99014,870,3045
1015,1 69 354,11,6.99014,848,3045
1015,1 69 424,11,6.99014,988,3045
1015,1 71 371,11,6.99014,886,3045
1015,1 72 99,11,6.99014,344,3045
1015,1 73 278,11,6.99014,704,3045
1015,1 74 119,11,6.99014,388,3045
1015,1 74 455,11,6.99014,1060,3045
1015,1 76 370,11,6.99014,894,3045
1015,1 78 206,11,6.99014,570,3045
1015,1 79 376,11,6.99014,912,3045
1015,1 80 461,11,6.99014,1084,3045
1015,1 82 452,11,6.99014,1070,3045
1015,1 84 229,11,6.99014,628,3045
1015,1 85 188,11,6.99014,548,3045
1015,1 85 414,11,6.99014,1000,3045
1015,1 90 301,11,6.99014,784,3045
1015,1 90 378,11,6.99014,938,3045
1015,1 91 386,11,6.99014,956,3045
1015,1 91 446,11,6.99014,1076,3045
1015,1 92 243,11,6.99014,672,3045
1015,1 92 379,11,6.99014,944,3045
1015,1 93 168,11,6.99014,524,3045
1015,1 95 453,11,6.99014,1098,3045
1015,1 96 259,11,6.99014,712,3045
1015,1 99 176,11,6.99014,552,3045
1015,1 101 390,11,6.99014,984,3045
1015,1 102 132,11,6.99014,470,3045
1015,1 103 230,11,6.99014,668,3045
1015,1 109 295,11,6.99014,810,3045
1015,1 110 298,11,6.99014,818,3045
1015,1 118 247,11,6.99014,732,3045
1015,1 119 489,11,6.99014,1218,3045
1015,1 120 213,11,6.99014,668,3045
1015,1 122 231,11,6.99014,708,3045
1015,1 124 342,11,6.99014,934,3045
1015,1 128 225,11,6.99014,708,3045
1015,1 128 231,11,6.99014,720,3045
1015,1 128 346,11,6.99014,950,3045
1015,1 129 362,11,6.99014,984,3045
1015,1 130 298,11,6.99014,858,3045
1015,1 132 423,11,6.99014,1112,3045
1015,1 133 452,11,6.99014,1172,3045
1015,1 134 300,11,6.99014,870,3045
1015,1 138 502,11,6.99014,1282,3045
1015,1 143 177,11,6.99014,642,3045
1015,1 144 309,11,6.99014,908,3045
1015,1 144 454,11,6.99014,1198,3045
1015,1 146 309,11,6.99014,912,3045
1015,1 146 454,11,6.99014,1202,3045
1015,1 149 310,11,6.99014,920,3045
1015,1 152 180,11,6.99014,666,3045
1015,1 155 270,11,6.99014,852,3045
1015,1 157 296,11,6.99014,908,3045
1015,1 159 409,11,6.99014,1138,3045
1015,1 160 396,11,6.99014,1114,3045
1015,1 161 442,11,6.99014,1208,3045
1015,1 162 380,11,6.99014,1086,3045
1015,1 163 259,11,6.99014,846,3045
1015,1 164 238,11,6.99014,806,3045
1015,1 164 434,11,6.99014,1198,3045
1015,1 164 436,11,6.99014,1202,3045
1015,1 165 464,11,6.99014,1260,3045
1015,1 171 274,11,6.99014,892,3045
1015,1 177 271,11,6.99014,898,3045
1015,1 184 334,11,6.99014,1038,3045
1015,1 185 473,11,6.99014,1318,3045
1015,1 188 430,11,6.99014,1238,3045
1015,1 195 355,11,6.99014,1102,3045
1015,1 200 452,11,6.99014,1306,3045
1015,1 201 235,11,6.99014,874,3045
1015,1 205 321,11,6.99014,1054,3045
1015,1 206 351,11,6.99014,1116,3045
1015,1 206 440,11,6.99014,1294,3045
1015,1 207 295,11,6.99014,1006,3045
1015,1 208 343,11,6.99014,1104,3045
1015,1 210 377,11,6.99014,1176,3045
1015,1 213 469,11,6.99014,1366,3045
1015,1 215 467,11,6.99014,1366,3045
1015,1 216 418,11,6.99014,1270,3045
1015,1 217 467,11,6.99014,1370,3045
1015,1 220 251,11,6.99014,944,3045
1015,1 221 472,11,6.99014,1388,3045
1015,1 221 491,11,6.99014,1426,3045
1015,1 223 269,11,6.99014,986,3045
1015,1 223 416,11,6.99014,1280,3045
1015,1 225 356,11,6.99014,1164,3045
1015,1 226 239,11,6.99014,932,3045
1015,1 226 466,11,6.99014,1386,3045
1015,1 228 239,11,6.99014,936,3045
1015,1 229 308,11,6.99014,1076,3045
1015,1 229 374,11,6.99014,1208,3045
1015,1 230 486,11,6.99014,1434,3045
1015,1 231 363,11,6.99014,1190,3045
1015,1 231 382,11,6.99014,1228,3045
1015,1 231 482,11,6.99014,1428,3045
1015,1 231 500,11,6.99014,1464,3045
1015,1 232 301,11,6.99014,1068,3045
1015,1 234 426,11,6.99014,1322,3045
1015,1 236 485,11,6.99014,1444,3045
1015,1 246 444,11,6.99014,1382,3045
1015,1 256 284,11,6.99014,1082,3045
1015,1 256 474,11,6.99014,1462,3045
1015,1 259 349,11,6.99014,1218,3045
1015,1 260 298,11,6.99014,1118,3045
1015,1 263 431,11,6.99014,1390,3045
1015,1 264 390,11,6.99014,1310,3045
1015,1 269 295,11,6.99014,1130,3045
1015,1 270 445,11,6.99014,1432,3045
1015,1 271 289,11,6.99014,1122,3045
1015,1 271 291,11,6.99014,1126,3045
1015,1 271 485,11,6.99014,1514,3045
1015,1 273 380,11,6.99014,1308,3045
1015,1 274 320,11,6.99014,1190,3045
1015,1 277 344,11,6.99014,1244,3045
1015,1 288 462,11,6.99014,1502,3045
1015,1 292 404,11,6.99014,1394,3045
1015,1 297 457,11,6.99014,1510,3045
1015,1 299 367,11,6.99014,1334,3045
1015,1 300 317,11,6.99014,1236,3045
1015,1 302 342,11,6.99014,1290,3045
1015,1 302 446,11,6.99014,1498,3045
1015,1 304 463,11,6.99014,1536,3045
1015,1 308 324,11,6.99014,1266,3045
1015,1 310 426,11,6.99014,1474,3045
1015,1 316 364,11,6.99014,1362,3045
1015,1 320 449,11,6.99014,1540,3045
1015,1 327 484,11,6.99014,1624,3045
1015,1 329 484,11,6.99014,1628,3045
1015,1 331 480,11,6.99014,1624,3045
1015,1 333 430,11,6.99014,1528,3045
1015,1 343 464,11,6.99014,1616,3045
1015,1 344 411,11,6.99014,1512,3045
1015,1 351 496,11,6.99014,1696,3045
1015,1 352 494,11,6.99014,1694,3045
1015,1 354 427,11,6.99014,1564,3045
1015,1 366 380,11,6.99014,1494,3045
1015,1 366 418,11,6.99014,1570,3045
1015,1 374 496,11,6.99014,1742,3045
1015,1 376 402,11,6.99014,1558,3045
1015,1 382 437,11,6.99014,1640,3045
1015,1 10 302,11,6.99211,626,3045
1015,1 12 178,11,6.99211,382,3045
1015,1 13 189,11,6.99211,406,3045
1015,1 14 279,11,6.99211,588,3045
1015,1 15 146,11,6.99211,324,3045
1015,1 15 181,11,6.99211,394,3045
1015,1 15 186,11,6.99211,404,3045
1015,1 15 291,11,6.99211,614,3045
1015,1 17 380,11,6.99211,796,3045
1015,1 20 314,11,6.99211,670,3045
1015,1 24 365,11,6.99211,780,3045
1015,1 25 244,11,6.99211,540,3045
1015,1 27 308,11,6.99211,672,3045
1015,1 28 474,11,6.99211,1006,3045
1015,1 29 264,11,6.99211,588,3045
1015,1 31 311,11,6.99211,686,3045
1015,1 31 455,11,6.99211,974,3045
1015,1 32 167,11,6.99211,400,3045
1015,1 32 408,11,6.99211,882,3045
1015,1 34 256,11,6.99211,582,3045
1015,1 36 95,11,6.99211,264,3045
1015,1 36 342,11,6.99211,758,3045
1015,1 36 359,11,6.99211,792,3045
1015,1 38 439,11,6.99211,956,3045
1015,1 40 106,11,6.99211,294,3045
1015,1 44 234,11,6.99211,558,3045
1015,1 44 363,11,6.99211,816,3045
1015,1 45 335,11,6.99211,762,3045
1015,1 45 410,11,6.99211,912,3045
1015,1 47 205,11,6.99211,506,3045
1015,1 49 188,11,6.99211,476,3045
1015,1 50 130,11,6.99211,362,3045
1015,1 56 441,11,6.99211,996,3045
1015,1 60 410,11,6.99211,942,3045
1015,1 60 425,11,6.99211,972,3045
1015,1 62 88,11,6.99211,302,3045
1015,1 64 144,11,6.99211,418,3045
1015,1 65 168,11,6.99211,468,3045
1015,1 66 106,11,6.99211,346,3045
1015,1 70 229,11,6.99211,600,3045
1015,1 71 466,11,6.99211,1076,3045
1015,1 72 262,11,6.99211,670,3045
1015,1 77 132,11,6.99211,420,3045
1015,1 77 201,11,6.99211,558,3045
1015,1 78 483,11,6.99211,1124,3045
1015,1 79 300,11,6.99211,760,3045
1015,1 80 149,11,6.99211,460,3045
1015,1 81 436,11,6.99211,1036,3045
1015,1 84 223,11,6.99211,616,3045
1015,1 90 152,11,6.99211,486,3045
1015,1 91 211,11,6.99211,606,3045
1015,1 91 244,11,6.99211,672,3045
1015,1 92 267,11,6.99211,720,3045
1015,1 100 335,11,6.99211,872,3045
1015,1 101 343,11,6.99211,890,3045
1015,1 101 378,11,6.99211,960,3045
1015,1 101 492,11,6.99211,1188,3045
1015,1 102 219,11,6.99211,644,3045
1015,1 104 329,11,6.99211,868,3045
1015,1 104 445,11,6.99211,1100,3045
1015,1 108 190,11,6.99211,598,3045
1015,1 109 415,11,6.99211,1050,3045
1015,1 110 294,11,6.99211,810,3045
1015,1 111 256,11,6.99211,736,3045
1015,1 112 325,11,6.99211,876,3045
1015,1 116 165,11,6.99211,564,3045
1015,1 121 312,11,6.99211,868,3045
1015,1 122 187,11,6.99211,620,3045
1015,1 124 159,11,6.99211,568,3045
1015,1 124 411,11,6.99211,1072,3045
1015,1 125 329,11,6.99211,910,3045
1015,1 128 205,11,6.99211,668,3045
1015,1 128 396,11,6.99211,1050,3045
1015,1 129 481,11,6.99211,1222,3045
1015,1 130 289,11,6.99211,840,3045
1015,1 130 400,11,6.99211,1062,3045
1015,1 131 141,11,6.99211,546,3045
1015,1 131 280,11,6.99211,824,3045
1015,1 132 345,11,6.99211,956,3045
1015,1 133 158,11,6.99211,584,3045
1015,1 139 265,11,6.99211,810,3045
1015,1 140 380,11,6.99211,1042,3045
1015,1 141 200,11,6.99211,684,3045
1015,1 141 498,11,6.99211,1280,3045
1015,1 144 226,11,6.99211,742,3045
1015,1 144 420,11,6.99211,1130,3045
1015,1 144 450,11,6.99211,1190,3045
1015,1 146 160,11,6.99211,614,3045
1015,1 146 226,11,6.99211,746,3045
1015,1 146 499,11,6.99211,1292,3045
1015,1 147 201,11,6.99211,698,3045
1015,1 147 266,11,6.99211,828,3045
1015,1 151 422,11,6.99211,1148,3045
1015,1 160 198,11,6.99211,718,3045
1015,1 160 434,11,6.99211,1190,3045
1015,1 164 315,11,6.99211,960,3045
1015,1 165 404,11,6.99211,1140,3045
1015,1 168 264,11,6.99211,866,3045
1015,1 171 268,11,6.99211,880,3045
1015,1 173 439,11,6.99211,1226,3045
1015,1 179 256,11,6.99211,872,3045
1015,1 180 191,11,6.99211,744,3045
1015,1 180 494,11,6.99211,1350,3045
1015,1 181 196,11,6.99211,756,3045
1015,1 182 194,11,6.99211,754,3045
1015,1 182 250,11,6.99211,866,3045
1015,1 184 423,11,6.99211,1216,3045
1015,1 185 357,11,6.99211,1086,3045
1015,1 185 397,11,6.99211,1166,3045
1015,1 190 335,11,6.99211,1052,3045
1015,1 194 465,11,6.99211,1320,3045
1015,1 200 352,11,6.99211,1106,3045
1015,1 201 437,11,6.99211,1278,3045
1015,1 205 223,11,6.99211,858,3045
1015,1 205 248,11,6.99211,908,3045
1015,1 207 360,11,6.99211,1136,3045
1015,1 208 326,11,6.99211,1070,3045
1015,1 209 291,11,6.99211,1002,3045
1015,1 212 224,11,6.99211,874,3045
1015,1 217 273,11,6.99211,982,3045
1015,1 221 386,11,6.99211,1216,3045
1015,1 221 496,11,6.99211,1436,3045
1015,1 222 241,11,6.99211,928,3045
1015,1 222 481,11,6.99211,1408,3045
1015,1 226 289,11,6.99211,1032,3045
1015,1 226 291,11,6.99211,1036,3045
1015,1 226 434,11,6.99211,1322,3045
1015,1 226 436,11,6.99211,1326,3045
1015,1 230 286,11,6.99211,1034,3045
1015,1 230 480,11,6.99211,1422,3045
1015,1 231 286,11,6.99211,1036,3045
1015,1 235 487,11,6.99211,1446,3045
1015,1 236 333,11,6.99211,1140,3045
1015,1 236 346,11,6.99211,1166,3045
1015,1 245 335,11,6.99211,1162,3045
1015,1 249 359,11,6.99211,1218,3045
1015,1 249 468,11,6.99211,1436,3045
1015,1 256 324,11,6.99211,1162,3045
1015,1 256 401,11,6.99211,1316,3045
1015,1 256 469,11,6.99211,1452,3045
1015,1 257 368,11,6.99211,1252,3045
1015,1 260 350,11,6.99211,1222,3045
1015,1 262 346,11,6.99211,1218,3045
1015,1 264 297,11,6.99211,1124,3045
1015,1 264 476,11,6.99211,1482,3045
1015,1 273 285,11,6.99211,1118,3045
1015,1 273 361,11,6.99211,1270,3045
1015,1 275 434,11,6.99211,1420,3045
1015,1 275 480,11,6.99211,1512,3045
1015,1 284 309,11,6.99211,1188,3045
1015,1 287 409,11,6.99211,1394,3045
1015,1 288 492,11,6.99211,1562,3045
1015,1 289 354,11,6.99211,1288,3045
1015,1 289 420,11,6.99211,1420,3045
1015,1 294 396,11,6.99211,1382,3045
1015,1 295 452,11,6.99211,1496,3045
1015,1 296 450,11,6.99211,1494,3045
1015,1 297 485,11,6.99211,1566,3045
1015,1 298 317,11,6.99211,1232,3045
1015,1 299 311,11,6.99211,1222,3045
1015,1 304 425,11,6.99211,1460,3045
1015,1 316 459,11,6.99211,1552,3045
1015,1 316 460,11,6.99211,1554,3045
1015,1 319 396,11,6.99211,1432,3045
1015,1 325 376,11,6.99211,1404,3045
1015,1 325 424,11,6.99211,1500,3045
1015,1 326 442,11,6.99211,1538,3045
1015,1 330 427,11,6.99211,1516,3045
1015,1 334 486,11,6.99211,1642,3045
1015,1 335 390,11,6.99211,1452,3045
1015,1 335 480,11,6.99211,1632,3045
1015,1 352 452,11,6.99211,1610,3045
1015,1 361 390,11,6.99211,1504,3045
1015,1 371 434,11,6.99211,1612,3045
1015,1 10 188,11,6.99408,398,3045
1015,1 10 218,11,6.99408,458,3045
1015,1 11 185,11,6.99408,394,3045
1015,1 12 184,11,6.99408,394,3045
1015,1 12 229,11,6.99408,484,3045
1015,1 13 285,11,6.99408,598,3045
1015,1 15 274,11,6.99408,580,3045
1015,1 16 181,11,6.99408,396,3045
1015,1 17 460,11,6.99408,956,3045
1015,1 21 400,11,6.99408,844,3045
1015,1 22 171,11,6.99408,388,3045
1015,1 22 273,11,6.99408,592,3045
1015,1 22 412,11,6.99408,870,3045
1015,1 25 91,11,6.99408,234,3045
1015,1 27 100,11,6.99408,256,3045
1015,1 27 270,11,6.99408,596,3045
1015,1 27 277,11,6.99408,610,3045
1015,1 28 207,11,6.99408,472,3045
1015,1 29 228,11,6.99408,516,3045
1015,1 33 90,11,6.99408,248,3045
1015,1 35 462,11,6.99408,996,3045
1015,1 37 100,11,6.99408,276,3045
1015,1 38 220,11,6.99408,518,3045
1015,1 38 425,11,6.99408,928,3045
1015,1 41 191,11,6.99408,466,3045
1015,1 41 333,11,6.99408,750,3045
1015,1 42 101,11,6.99408,288,3045
1015,1 42 159,11,6.99408,404,3045
1015,1 45 101,11,6.99408,294,3045
1015,1 47 262,11,6.99408,620,3045
1015,1 48 172,11,6.99408,442,3045
1015,1 58 104,11,6.99408,326,3045
1015,1 58 138,11,6.99408,394,3045
1015,1 58 244,11,6.99408,606,3045
1015,1 59 105,11,6.99408,330,3045
1015,1 60 95,11,6.99408,312,3045
1015,1 62 164,11,6.99408,454,3045
1015,1 64 372,11,6.99408,874,3045
1015,1 65 450,11,6.99408,1032,3045
1015,1 66 480,11,6.99408,1094,3045
1015,1 68 154,11,6.99408,446,3045
1015,1 70 80,11,6.99408,302,3045
1015,1 70 98,11,6.99408,338,3045
1015,1 70 500,11,6.99408,1142,3045
1015,1 73 274,11,6.99408,696,3045
1015,1 74 481,11,6.99408,1112,3045
1015,1 78 100,11,6.99408,358,3045
1015,1 79 484,11,6.99408,1128,3045
1015,1 81 148,11,6.99408,460,3045
1015,1 81 478,11,6.99408,1120,3045
1015,1 85 192,11,6.99408,556,3045
1015,1 85 446,11,6.99408,1064,3045
1015,1 86 105,11,6.99408,384,3045
1015,1 89 453,11,6.99408,1086,3045
1015,1 90 201,11,6.99408,584,3045
1015,1 92 287,11,6.99408,760,3045
1015,1 95 123,11,6.99408,438,3045
1015,1 96 501,11,6.99408,1196,3045
1015,1 99 376,11,6.99408,952,3045
1015,1 99 487,11,6.99408,1174,3045
1015,1 101 190,11,6.99408,584,3045
1015,1 101 225,11,6.99408,654,3045
1015,1 108 124,11,6.99408,466,3045
1015,1 111 323,11,6.99408,870,3045
1015,1 112 241,11,6.99408,708,3045
1015,1 112 464,11,6.99408,1154,3045
1015,1 114 182,11,6.99408,594,3045
1015,1 115 132,11,6.99408,496,3045
1015,1 119 265,11,6.99408,770,3045
1015,1 120 490,11,6.99408,1222,3045
1015,1 122 348,11,6.99408,942,3045
1015,1 124 305,11,6.99408,860,3045
1015,1 124 333,11,6.99408,916,3045
1015,1 126 323,11,6.99408,900,3045
1015,1 129 154,11,6.99408,568,3045
1015,1 130 436,11,6.99408,1134,3045
1015,1 132 157,11,6.99408,580,3045
1015,1 132 298,11,6.99408,862,3045
1015,1 134 330,11,6.99408,930,3045
1015,1 137 421,11,6.99408,1118,3045
1015,1 143 461,11,6.99408,1210,3045
1015,1 147 403,11,6.99408,1102,3045
1015,1 152 196,11,6.99408,698,3045
1015,1 153 327,11,6.99408,962,3045
1015,1 156 249,11,6.99408,812,3045
1015,1 156 278,11,6.99408,870,3045
1015,1 157 401,11,6.99408,1118,3045
1015,1 163 397,11,6.99408,1122,3045
1015,1 168 219,11,6.99408,776,3045
1015,1 172 278,11,6.99408,902,3045
1015,1 175 216,11,6.99408,784,3045
1015,1 176 248,11,6.99408,850,3045
1015,1 177 292,11,6.99408,940,3045
1015,1 179 444,11,6.99408,1248,3045
1015,1 186 424,11,6.99408,1222,3045
1015,1 186 494,11,6.99408,1362,3045
1015,1 187 305,11,6.99408,986,3045
1015,1 187 475,11,6.99408,1326,3045
1015,1 188 311,11,6.99408,1000,3045
1015,1 188 485,11,6.99408,1348,3045
1015,1 191 216,11,6.99408,816,3045
1015,1 196 298,11,6.99408,990,3045
1015,1 198 317,11,6.99408,1032,3045
1015,1 201 322,11,6.99408,1048,3045
1015,1 201 380,11,6.99408,1164,3045
1015,1 201 450,11,6.99408,1304,3045
1015,1 208 319,11,6.99408,1056,3045
1015,1 221 415,11,6.99408,1274,3045
1015,1 221 492,11,6.99408,1428,3045
1015,1 221 502,11,6.99408,1448,3045
1015,1 223 270,11,6.99408,988,3045
1015,1 223 479,11,6.99408,1406,3045
1015,1 223 501,11,6.99408,1450,3045
1015,1 251 368,11,6.99408,1240,3045
1015,1 257 310,11,6.99408,1136,3045
1015,1 260 356,11,6.99408,1234,3045
1015,1 260 369,11,6.99408,1260,3045
1015,1 266 285,11,6.99408,1104,3045
1015,1 270 350,11,6.99408,1242,3045
1015,1 270 433,11,6.99408,1408,3045
1015,1 272 376,11,6.99408,1298,3045
1015,1 273 300,11,6.99408,1148,3045
1015,1 275 291,11,6.99408,1134,3045
1015,1 276 497,11,6.99408,1548,3045
1015,1 277 317,11,6.99408,1190,3045
1015,1 286 499,11,6.99408,1572,3045
1015,1 287 466,11,6.99408,1508,3045
1015,1 295 312,11,6.99408,1216,3045
1015,1 299 371,11,6.99408,1342,3045
1015,1 300 426,11,6.99408,1454,3045
1015,1 301 342,11,6.99408,1288,3045
1015,1 304 469,11,6.99408,1548,3045
1015,1 323 423,11,6.99408,1494,3045
1015,1 329 404,11,6.99408,1468,3045
1015,1 343 378,11,6.99408,1444,3045
1015,1 359 502,11,6.99408,1724,3045
1015,1 362 422,11,6.99408,1570,3045
1015,1 367 426,11,6.99408,1588,3045
1015,1 9 220,11,6.99606,460,3045
1015,1 10 119,11,6.99606,260,3045
1015,1 11 154,11,6.99606,332,3045
1015,1 11 189,11,6.99606,402,3045
1015,1 12 301,11,6.99606,628,3045
1015,1 13 191,11,6.99606,410,3045
1015,1 14 369,11,6.99606,768,3045
1015,1 15 124,11,6.99606,280,3045
1015,1 16 445,11,6.99606,924,3045
1015,1 17 424,11,6.99606,884,3045
1015,1 21 213,11,6.99606,470,3045
1015,1 22 379,11,6.99606,804,3045
1015,1 23 167,11,6.99606,382,3045
1015,1 23 197,11,6.99606,442,3045
1015,1 25 112,11,6.99606,276,3045
1015,1 26 88,11,6.99606,230,3045
1015,1 26 95,11,6.99606,244,3045
1015,1 26 225,11,6.99606,504,3045
1015,1 26 284,11,6.99606,622,3045
1015,1 27 299,11,6.99606,654,3045
1015,1 27 472,11,6.99606,1000,3045
1015,1 28 103,11,6.99606,264,3045
1015,1 28 314,11,6.99606,686,3045
1015,1 30 305,11,6.99606,672,3045
1015,1 31 225,11,6.99606,514,3045
1015,1 31 456,11,6.99606,976,3045
1015,1 31 472,11,6.99606,1008,3045
1015,1 33 121,11,6.99606,310,3045
1015,1 34 148,11,6.99606,366,3045
1015,1 35 287,11,6.99606,646,3045
1015,1 35 479,11,6.99606,1030,3045
1015,1 37 466,11,6.99606,1008,3045
1015,1 38 372,11,6.99606,822,3045
1015,1 39 89,11,6.99606,258,3045
1015,1 39 355,11,6.99606,790,3045
1015,1 39 360,11,6.99606,800,3045
1015,1 39 387,11,6.99606,854,3045
1015,1 40 131,11,6.99606,344,3045
1015,1 41 216,11,6.99606,516,3045
1015,1 42 239,11,6.99606,564,3045
1015,1 43 470,11,6.99606,1028,3045
1015,1 45 304,11,6.99606,700,3045
1015,1 46 164,11,6.99606,422,3045
1015,1 47 128,11,6.99606,352,3045
1015,1 48 116,11,6.99606,330,3045
1015,1 48 398,11,6.99606,894,3045
1015,1 49 473,11,6.99606,1046,3045
1015,1 51 246,11,6.99606,596,3045
1015,1 52 90,11,6.99606,286,3045
1015,1 55 122,11,6.99606,356,3045
1015,1 56 72,11,6.99606,258,3045
1015,1 58 425,11,6.99606,968,3045
1015,1 60 287,11,6.99606,696,3045
1015,1 63 90,11,6.99606,308,3045
1015,1 65 76,11,6.99606,284,3045
1015,1 68 467,11,6.99606,1072,3045
1015,1 69 99,11,6.99606,338,3045
1015,1 69 109,11,6.99606,358,3045
1015,1 69 388,11,6.99606,916,3045
1015,1 70 89,11,6.99606,320,3045
1015,1 71 126,11,6.99606,396,3045
1015,1 71 452,11,6.99606,1048,3045
1015,1 77 328,11,6.99606,812,3045
1015,1 78 327,11,6.99606,812,3045
1015,1 79 328,11,6.99606,816,3045
1015,1 81 353,11,6.99606,870,3045
1015,1 83 131,11,6.99606,430,3045
1015,1 84 386,11,6.99606,942,3045
1015,1 84 400,11,6.99606,970,3045
1015,1 87 148,11,6.99606,472,3045
1015,1 90 404,11,6.99606,990,3045
1015,1 91 481,11,6.99606,1146,3045
1015,1 92 151,11,6.99606,488,3045
1015,1 95 152,11,6.99606,496,3045
1015,1 98 317,11,6.99606,832,3045
1015,1 103 184,11,6.99606,576,3045
1015,1 107 396,11,6.99606,1008,3045
1015,1 108 386,11,6.99606,990,3045
1015,1 109 153,11,6.99606,526,3045
1015,1 112 176,11,6.99606,578,3045
1015,1 112 437,11,6.99606,1100,3045
1015,1 113 314,11,6.99606,856,3045
1015,1 115 270,11,6.99606,772,3045
1015,1 118 365,11,6.99606,968,3045
1015,1 120 322,11,6.99606,886,3045
1015,1 123 342,11,6.99606,932,3045
1015,1 125 460,11,6.99606,1172,3045
1015,1 128 454,11,6.99606,1166,3045
1015,1 129 438,11,6.99606,1136,3045
1015,1 131 149,11,6.99606,562,3045
1015,1 135 218,11,6.99606,708,3045
1015,1 135 301,11,6.99606,874,3045
1015,1 135 350,11,6.99606,972,3045
1015,1 139 168,11,6.99606,616,3045
1015,1 139 482,11,6.99606,1244,3045
1015,1 143 465,11,6.99606,1218,3045
1015,1 147 455,11,6.99606,1206,3045
1015,1 149 467,11,6.99606,1234,3045
1015,1 152 192,11,6.99606,690,3045
1015,1 154 333,11,6.99606,976,3045
1015,1 158 257,11,6.99606,832,3045
1015,1 159 207,11,6.99606,734,3045
1015,1 160 362,11,6.99606,1046,3045
1015,1 161 279,11,6.99606,882,3045
1015,1 161 440,11,6.99606,1204,3045
1015,1 164 464,11,6.99606,1258,3045
1015,1 168 490,11,6.99606,1318,3045
1015,1 171 358,11,6.99606,1060,3045
1015,1 172 264,11,6.99606,874,3045
1015,1 173 438,11,6.99606,1224,3045
1015,1 178 452,11,6.99606,1262,3045
1015,1 185 389,11,6.99606,1150,3045
1015,1 186 388,11,6.99606,1150,3045
1015,1 187 471,11,6.99606,1318,3045
1015,1 188 387,11,6.99606,1152,3045
1015,1 188 431,11,6.99606,1240,3045
1015,1 189 297,11,6.99606,974,3045
1015,1 189 393,11,6.99606,1166,3045
1015,1 190 394,11,6.99606,1170,3045
1015,1 196 441,11,6.99606,1276,3045
1015,1 198 335,11,6.99606,1068,3045
1015,1 199 234,11,6.99606,868,3045
1015,1 205 461,11,6.99606,1334,3045
1015,1 207 380,11,6.99606,1176,3045
1015,1 208 275,11,6.99606,968,3045
1015,1 209 482,11,6.99606,1384,3045
1015,1 210 220,11,6.99606,862,3045
1015,1 210 231,11,6.99606,884,3045
1015,1 211 312,11,6.99606,1048,3045
1015,1 211 476,11,6.99606,1376,3045
1015,1 212 326,11,6.99606,1078,3045
1015,1 213 272,11,6.99606,972,3045
1015,1 213 274,11,6.99606,976,3045
1015,1 216 312,11,6.99606,1058,3045
1015,1 221 270,11,6.99606,984,3045
1015,1 225 273,11,6.99606,998,3045
1015,1 225 372,11,6.99606,1196,3045
1015,1 225 385,11,6.99606,1222,3045
1015,1 227 484,11,6.99606,1424,3045
1015,1 229 319,11,6.99606,1098,3045
1015,1 229 384,11,6.99606,1228,3045
1015,1 231 397,11,6.99606,1258,3045
1015,1 232 264,11,6.99606,994,3045
1015,1 233 327,11,6.99606,1122,3045
1015,1 237 376,11,6.99606,1228,3045
1015,1 238 344,11,6.99606,1166,3045
1015,1 240 345,11,6.99606,1172,3045
1015,1 242 279,11,6.99606,1044,3045
1015,1 243 428,11,6.99606,1344,3045
1015,1 243 471,11,6.99606,1430,3045
1015,1 248 448,11,6.99606,1394,3045
1015,1 249 329,11,6.99606,1158,3045
1015,1 250 451,11,6.99606,1404,3045
1015,1 251 310,11,6.99606,1124,3045
1015,1 251 483,11,6.99606,1470,3045
1015,1 257 313,11,6.99606,1142,3045
1015,1 257 432,11,6.99606,1380,3045
1015,1 258 473,11,6.99606,1464,3045
1015,1 268 351,11,6.99606,1240,3045
1015,1 270 487,11,6.99606,1516,3045
1015,1 275 488,11,6.99606,1528,3045
1015,1 277 335,11,6.99606,1226,3045
1015,1 294 369,11,6.99606,1328,3045
1015,1 302 485,11,6.99606,1576,3045
1015,1 309 455,11,6.99606,1530,3045
1015,1 312 439,11,6.99606,1504,3045
1015,1 318 456,11,6.99606,1550,3045
1015,1 320 502,11,6.99606,1646,3045
1015,1 323 398,11,6.99606,1444,3045
1015,1 331 489,11,6.99606,1642,3045
1015,1 332 478,11,6.99606,1622,3045
1015,1 334 491,11,6.99606,1652,3045
1015,1 335 412,11,6.99606,1496,3045
1015,1 343 467,11,6.99606,1622,3045
1015,1 345 444,11,6.99606,1580,3045
1015,1 350 496,11,6.99606,1694,3045
1015,1 352 462,11,6.99606,1630,3045
1015,1 353 494,11,6.99606,1696,3045
1015,1 378 461,11,6.99606,1680,3045
1015,1 10 180,11,6.99803,382,3045
1015,1 12 135,11,6.99803,296,3045
1015,1 12 383,11,6.99803,792,3045
1015,1 13 136,11,6.99803,300,3045
1015,1 13 386,11,6.99803,800,3045
1015,1 13 388,11,6.99803,804,3045
1015,1 14 193,11,6.99803,416,3045
1015,1 14 301,11,6.99803,632,3045
1015,1 14 390,11,6.99803,810,3045
1015,1 15 163,11,6.99803,358,3045
1015,1 19 193,11,6.99803,426,3045
1015,1 21 294,11,6.99803,632,3045
1015,1 22 100,11,6.99803,246,3045
1015,1 22 278,11,6.99803,602,3045
1015,1 23 296,11,6.99803,640,3045
1015,1 24 463,11,6.99803,976,3045
1015,1 25 137,11,6.99803,326,3045
1015,1 25 264,11,6.99803,580,3045
1015,1 25 383,11,6.99803,818,3045
1015,1 26 245,11,6.99803,544,3045
1015,1 28 287,11,6.99803,632,3045
1015,1 29 295,11,6.99803,650,3045
1015,1 32 207,11,6.99803,480,3045
1015,1 35 335,11,6.99803,742,3045
1015,1 36 426,11,6.99803,926,3045
1015,1 39 420,11,6.99803,920,3045
1015,1 42 142,11,6.99803,370,3045
1015,1 50 312,11,6.99803,726,3045
1015,1 50 475,11,6.99803,1052,3045
1015,1 53 310,11,6.99803,728,3045
1015,1 53 379,11,6.99803,866,3045
1015,1 55 474,11,6.99803,1060,3045
1015,1 57 353,11,6.99803,822,3045
1015,1 61 111,11,6.99803,346,3045
1015,1 63 260,11,6.99803,648,3045
1015,1 64 156,11,6.99803,442,3045
1015,1 66 160,11,6.99803,454,3045
1015,1 67 76,11,6.99803,288,3045
1015,1 68 502,11,6.99803,1142,3045
1015,1 70 394,11,6.99803,930,3045
1015,1 71 92,11,6.99803,328,3045
1015,1 75 183,11,6.99803,518,3045
1015,1 75 243,11,6.99803,638,3045
1015,1 77 245,11,6.99803,646,3045
1015,1 78 186,11,6.99803,530,3045
1015,1 78 342,11,6.99803,842,3045
1015,1 78 458,11,6.99803,1074,3045
1015,1 81 382,11,6.99803,928,3045
1015,1 82 306,11,6.99803,778,3045
1015,1 83 398,11,6.99803,964,3045
1015,1 83 401,11,6.99803,970,3045
1015,1 85 239,11,6.99803,650,3045
1015,1 90 491,11,6.99803,1164,3045
1015,1 92 378,11,6.99803,942,3045
1015,1 93 428,11,6.99803,1044,3045
1015,1 98 128,11,6.99803,454,3045
1015,1 101 234,11,6.99803,672,3045
1015,1 102 158,11,6.99803,522,3045
1015,1 116 140,11,6.99803,514,3045
1015,1 117 374,11,6.99803,984,3045
1015,1 121 231,11,6.99803,706,3045
1015,1 125 164,11,6.99803,580,3045
1015,1 125 472,11,6.99803,1196,3045
1015,1 128 400,11,6.99803,1058,3045
1015,1 129 288,11,6.99803,836,3045
1015,1 130 452,11,6.99803,1166,3045
1015,1 137 363,11,6.99803,1002,3045
1015,1 139 224,11,6.99803,728,3045
1015,1 141 181,11,6.99803,646,3045
1015,1 142 347,11,6.99803,980,3045
1015,1 142 375,11,6.99803,1036,3045
1015,1 147 349,11,6.99803,994,3045
1015,1 151 371,11,6.99803,1046,3045
1015,1 152 211,11,6.99803,728,3045
1015,1 153 324,11,6.99803,956,3045
1015,1 154 322,11,6.99803,954,3045
1015,1 155 219,11,6.99803,750,3045
1015,1 157 409,11,6.99803,1134,3045
1015,1 160 247,11,6.99803,816,3045
1015,1 163 299,11,6.99803,926,3045
1015,1 165 409,11,6.99803,1150,3045
1015,1 175 389,11,6.99803,1130,3045
1015,1 176 428,11,6.99803,1210,3045
1015,1 177 272,11,6.99803,900,3045
1015,1 180 323,11,6.99803,1008,3045
1015,1 182 393,11,6.99803,1152,3045
1015,1 185 265,11,6.99803,902,3045
1015,1 189 238,11,6.99803,856,3045
1015,1 189 328,11,6.99803,1036,3045
1015,1 190 246,11,6.99803,874,3045
1015,1 191 327,11,6.99803,1038,3045
1015,1 193 310,11,6.99803,1008,3045
1015,1 195 344,11,6.99803,1080,3045
1015,1 198 364,11,6.99803,1126,3045
1015,1 200 241,11,6.99803,884,3045
1015,1 201 344,11,6.99803,1092,3045
1015,1 205 229,11,6.99803,870,3045
1015,1 212 309,11,6.99803,1044,3045
1015,1 222 279,11,6.99803,1004,3045
1015,1 225 250,11,6.99803,952,3045
1015,1 226 259,11,6.99803,972,3045
1015,1 231 358,11,6.99803,1180,3045
1015,1 239 334,11,6.99803,1148,3045
1015,1 239 464,11,6.99803,1408,3045
1015,1 250 396,11,6.99803,1294,3045
1015,1 250 477,11,6.99803,1456,3045
1015,1 256 329,11,6.99803,1172,3045
1015,1 257 345,11,6.99803,1206,3045
1015,1 258 287,11,6.99803,1092,3045
1015,1 261 344,11,6.99803,1212,3045
1015,1 263 465,11,6.99803,1458,3045
1015,1 265 423,11,6.99803,1378,3045
1015,1 274 286,11,6.99803,1122,3045
1015,1 277 449,11,6.99803,1454,3045
1015,1 288 320,11,6.99803,1218,3045
1015,1 295 470,11,6.99803,1532,3045
1015,1 301 314,11,6.99803,1232,3045
1015,1 303 317,11,6.99803,1242,3045
1015,1 310 446,11,6.99803,1514,3045
1015,1 311 490,11,6.99803,1604,3045
1015,1 315 359,11,6.99803,1350,3045
1015,1 321 403,11,6.99803,1450,3045
1015,1 323 474,11,6.99803,1596,3045
1015,1 330 460,11,6.99803,1582,3045
1015,1 333 414,11,6.99803,1496,3045
1015,1 342 371,11,6.99803,1428,3045
1015,1 345 412,11,6.99803,1516,3045
1015,1 349 462,11,6.99803,1624,3045
1015,1 354 367,11,6.99803,1444,3045
1015,1 357 487,11,6.99803,1690,3045
1015,1 363 450,11,6.99803,1628,3045
1015,1 364 452,11,6.99803,1634,3045
1015,1 372 450,11,6.99803,1646,3045
1015,1 375 476,11,6.99803,1704,3045
1015,1 10 298,11,7,618,3045
1015,1 10 444,11,7,910,3045
1015,1 11 307,11,7,638,3045
1015,1 13 418,11,7,864,3045
1015,1 16 160,11,7,354,3045
1015,1 17 179,11,7,394,3045
1015,1 17 221,11,7,478,3045
1015,1 18 393,11,7,824,3045
1015,1 19 125,11,7,290,3045
1015,1 20 277,11,7,596,3045
1015,1 21 117,11,7,278,3045
1015,1 21 196,11,7,436,3045
1015,1 22 101,11,7,248,3045
1015,1 23 359,11,7,766,3045
1015,1 25 275,11,7,602,3045
1015,1 26 376,11,7,806,3045
1015,1 33 345,11,7,758,3045
1015,1 34 93,11,7,256,3045
1015,1 39 454,11,7,988,3045
1015,1 42 385,11,7,856,3045
1015,1 43 159,11,7,406,3045
1015,1 43 459,11,7,1006,3045
1015,1 44 105,11,7,300,3045
1015,1 45 404,11,7,900,3045
1015,1 47 334,11,7,764,3045
1015,1 47 467,11,7,1030,3045
1015,1 48 311,11,7,720,3045
1015,1 50 493,11,7,1088,3045
1015,1 53 94,11,7,296,3045
1015,1 53 464,11,7,1036,3045
1015,1 53 500,11,7,1108,3045
1015,1 54 183,11,7,476,3045
1015,1 55 262,11,7,636,3045
1015,1 55 307,11,7,726,3045
1015,1 56 96,11,7,306,3045
1015,1 57 350,11,7,816,3045
1015,1 59 70,11,7,260,3045
1015,1 60 157,11,7,436,3045
1015,1 60 374,11,7,870,3045
1015,1 63 171,11,7,470,3045
1015,1 70 86,11,7,314,3045
1015,1 74 84,11,7,318,3045
1015,1 77 425,11,7,1006,3045
1015,1 78 124,11,7,406,3045
1015,1 79 210,11,7,580,3045
1015,1 79 329,11,7,818,3045
1015,1 84 218,11,7,606,3045
1015,1 85 206,11,7,584,3045
1015,1 87 196,11,7,568,3045
1015,1 87 383,11,7,942,3045
1015,1 87 480,11,7,1136,3045
1015,1 88 362,11,7,902,3045
1015,1 88 413,11,7,1004,3045
1015,1 95 439,11,7,1070,3045
1015,1 101 443,11,7,1090,3045
1015,1 105 189,11,7,590,3045
1015,1 106 497,11,7,1208,3045
1015,1 107 311,11,7,838,3045
1015,1 108 314,11,7,846,3045
1015,1 108 468,11,7,1154,3045
1015,1 110 502,11,7,1226,3045
1015,1 112 195,11,7,616,3045
1015,1 112 295,11,7,816,3045
1015,1 113 431,11,7,1090,3045
1015,1 115 305,11,7,842,3045
1015,1 115 500,11,7,1232,3045
1015,1 117 367,11,7,970,3045
1015,1 118 367,11,7,972,3045
1015,1 118 492,11,7,1222,3045
1015,1 119 412,11,7,1064,3045
1015,1 120 370,11,7,982,3045
1015,1 120 496,11,7,1234,3045
1015,1 123 195,11,7,638,3045
1015,1 125 404,11,7,1060,3045
1015,1 126 394,11,7,1042,3045
1015,1 136 241,11,7,756,3045
1015,1 138 399,11,7,1076,3045
1015,1 139 213,11,7,706,3045
1015,1 139 447,11,7,1174,3045
1015,1 142 233,11,7,752,3045
1015,1 143 323,11,7,934,3045
1015,1 143 404,11,7,1096,3045
1015,1 147 251,11,7,798,3045
1015,1 148 353,11,7,1004,3045
1015,1 152 209,11,7,724,3045
1015,1 152 248,11,7,802,3045
1015,1 157 359,11,7,1034,3045
1015,1 159 461,11,7,1242,3045
1015,1 162 190,11,7,706,3045
1015,1 162 225,11,7,776,3045
1015,1 162 248,11,7,822,3045
1015,1 167 234,11,7,804,3045
1015,1 168 433,11,7,1204,3045
1015,1 168 471,11,7,1280,3045
1015,1 172 483,11,7,1312,3045
1015,1 173 304,11,7,956,3045
1015,1 173 399,11,7,1146,3045
1015,1 177 409,11,7,1174,3045
1015,1 177 429,11,7,1214,3045
1015,1 182 225,11,7,816,3045
1015,1 182 347,11,7,1060,3045
1015,1 184 427,11,7,1224,3045
1015,1 186 328,11,7,1030,3045
1015,1 190 305,11,7,992,3045
1015,1 191 282,11,7,948,3045
1015,1 193 309,11,7,1006,3045
1015,1 196 287,11,7,968,3045
1015,1 201 277,11,7,958,3045
1015,1 201 362,11,7,1128,3045
1015,1 207 382,11,7,1180,3045
1015,1 207 429,11,7,1274,3045
1015,1 210 346,11,7,1114,3045
1015,1 219 349,11,7,1138,3045
1015,1 224 294,11,7,1038,3045
1015,1 225 464,11,7,1380,3045
1015,1 227 365,11,7,1186,3045
1015,1 228 378,11,7,1214,3045
1015,1 231 355,11,7,1174,3045
1015,1 238 375,11,7,1228,3045
1015,1 238 430,11,7,1338,3045
1015,1 238 461,11,7,1400,3045
1015,1 240 445,11,7,1372,3045
1015,1 251 324,11,7,1152,3045
1015,1 262 466,11,7,1458,3045
1015,1 271 310,11,7,1164,3045
1015,1 273 316,11,7,1180,3045
1015,1 278 332,11,7,1222,3045
1015,1 278 440,11,7,1438,3045
1015,1 280 424,11,7,1410,3045
1015,1 285 377,11,7,1326,3045
1015,1 288 314,11,7,1206,3045
1015,1 288 418,11,7,1414,3045
1015,1 294 389,11,7,1368,3045
1015,1 298 485,11,7,1568,3045
1015,1 302 363,11,7,1332,3045
1015,1 304 445,11,7,1500,3045
1015,1 304 485,11,7,1580,3045
1015,1 306 349,11,7,1312,3045
1015,1 307 475,11,7,1566,3045
1015,1 309 475,11,7,1570,3045
1015,1 313 450,11,7,1528,3045
1015,1 318 496,11,7,1630,3045
1015,1 326 495,11,7,1644,3045
1015,1 335 383,11,7,1438,3045
1015,1 343 410,11,7,1508,3045
1015,1 343 431,11,7,1550,3045
1015,1 343 470,11,7,1628,3045
1015,1 345 492,11,7,1676,3045
1015,1 347 474,11,7,1644,3045
1015,1 350 415,11,7,1532,3045
1015,1 350 463,11,7,1628,3045
1015,1 351 494,11,7,1692,3045
1015,1 354 466,11,7,1642,3045
1015,1 363 499,11,7,1726,3045
1015,1 369 397,11,7,1534,3045
1015,1 370 450,11,7,1642,3045
1015,1 372 392,11,7,1530,3045
1015,1 11 187,11,7.00197,398,3045
1015,1 11 447,11,7.00197,918,3045
1015,1 16 139,11,7.00197,312,3045
1015,1 16 304,11,7.00197,642,3045
1015,1 17 369,11,7.00197,774,3045
1015,1 19 103,11,7.00197,246,3045
1015,1 19 242,11,7.00197,524,3045
1015,1 19 444,11,7.00197,928,3045
1015,1 20 130,11,7.00197,302,3045
1015,1 20 461,11,7.00197,964,3045
1015,1 21 205,11,7.00197,454,3045
1015,1 22 182,11,7.00197,410,3045
1015,1 22 321,11,7.00197,688,3045
1015,1 22 468,11,7.00197,982,3045
1015,1 24 163,11,7.00197,376,3045
1015,1 27 210,11,7.00197,476,3045
1015,1 31 199,11,7.00197,462,3045
1015,1 31 386,11,7.00197,836,3045
1015,1 33 401,11,7.00197,870,3045
1015,1 35 299,11,7.00197,670,3045
1015,1 36 318,11,7.00197,710,3045
1015,1 36 343,11,7.00197,760,3045
1015,1 38 418,11,7.00197,914,3045
1015,1 40 191,11,7.00197,464,3045
1015,1 40 460,11,7.00197,1002,3045
1015,1 41 218,11,7.00197,520,3045
1015,1 41 417,11,7.00197,918,3045
1015,1 44 240,11,7.00197,570,3045
1015,1 45 334,11,7.00197,760,3045
1015,1 46 201,11,7.00197,496,3045
1015,1 47 76,11,7.00197,248,3045
1015,1 47 180,11,7.00197,456,3045
1015,1 47 272,11,7.00197,640,3045
1015,1 48 374,11,7.00197,846,3045
1015,1 49 264,11,7.00197,628,3045
1015,1 51 314,11,7.00197,732,3045
1015,1 51 449,11,7.00197,1002,3045
1015,1 55 87,11,7.00197,286,3045
1015,1 55 251,11,7.00197,614,3045
1015,1 58 486,11,7.00197,1090,3045
1015,1 59 108,11,7.00197,336,3045
1015,1 59 467,11,7.00197,1054,3045
1015,1 63 210,11,7.00197,548,3045
1015,1 65 288,11,7.00197,708,3045
1015,1 65 482,11,7.00197,1096,3045
1015,1 66 225,11,7.00197,584,3045
1015,1 71 98,11,7.00197,340,3045
1015,1 71 171,11,7.00197,486,3045
1015,1 71 323,11,7.00197,790,3045
1015,1 75 428,11,7.00197,1008,3045
1015,1 80 450,11,7.00197,1062,3045
1015,1 81 372,11,7.00197,908,3045
1015,1 82 106,11,7.00197,378,3045
1015,1 83 135,11,7.00197,438,3045
1015,1 83 189,11,7.00197,546,3045
1015,1 84 217,11,7.00197,604,3045
1015,1 84 323,11,7.00197,816,3045
1015,1 84 472,11,7.00197,1114,3045
1015,1 85 120,11,7.00197,412,3045
1015,1 85 217,11,7.00197,606,3045
1015,1 86 153,11,7.00197,480,3045
1015,1 86 438,11,7.00197,1050,3045
1015,1 88 108,11,7.00197,394,3045
1015,1 88 432,11,7.00197,1042,3045
1015,1 89 382,11,7.00197,944,3045
1015,1 93 157,11,7.00197,502,3045
1015,1 99 267,11,7.00197,734,3045
1015,1 99 332,11,7.00197,864,3045
1015,1 101 429,11,7.00197,1062,3045
1015,1 105 188,11,7.00197,588,3045
1015,1 107 443,11,7.00197,1102,3045
1015,1 108 155,11,7.00197,528,3045
1015,1 112 243,11,7.00197,712,3045
1015,1 112 465,11,7.00197,1156,3045
1015,1 112 484,11,7.00197,1194,3045
1015,1 113 388,11,7.00197,1004,3045
1015,1 119 396,11,7.00197,1032,3045
1015,1 123 412,11,7.00197,1072,3045
1015,1 126 427,11,7.00197,1108,3045
1015,1 129 455,11,7.00197,1170,3045
1015,1 129 470,11,7.00197,1200,3045
1015,1 130 153,11,7.00197,568,3045
1015,1 131 184,11,7.00197,632,3045
1015,1 131 321,11,7.00197,906,3045
1015,1 135 446,11,7.00197,1164,3045
1015,1 137 243,11,7.00197,762,3045
1015,1 140 166,11,7.00197,614,3045
1015,1 141 178,11,7.00197,640,3045
1015,1 141 357,11,7.00197,998,3045
1015,1 148 473,11,7.00197,1244,3045
1015,1 153 174,11,7.00197,656,3045
1015,1 153 323,11,7.00197,954,3045
1015,1 153 349,11,7.00197,1006,3045
1015,1 157 499,11,7.00197,1314,3045
1015,1 158 184,11,7.00197,686,3045
1015,1 158 200,11,7.00197,718,3045
1015,1 164 370,11,7.00197,1070,3045
1015,1 165 272,11,7.00197,876,3045
1015,1 167 386,11,7.00197,1108,3045
1015,1 168 216,11,7.00197,770,3045
1015,1 171 387,11,7.00197,1118,3045
1015,1 172 458,11,7.00197,1262,3045
1015,1 173 374,11,7.00197,1096,3045
1015,1 173 414,11,7.00197,1176,3045
1015,1 174 459,11,7.00197,1268,3045
1015,1 175 258,11,7.00197,868,3045
1015,1 179 317,11,7.00197,994,3045
1015,1 180 260,11,7.00197,882,3045
1015,1 181 385,11,7.00197,1134,3045
1015,1 182 445,11,7.00197,1256,3045
1015,1 182 483,11,7.00197,1332,3045
1015,1 185 220,11,7.00197,812,3045
1015,1 186 335,11,7.00197,1044,3045
1015,1 190 346,11,7.00197,1074,3045
1015,1 199 444,11,7.00197,1288,3045
1015,1 212 230,11,7.00197,886,3045
1015,1 212 438,11,7.00197,1302,3045
1015,1 213 387,11,7.00197,1202,3045
1015,1 214 490,11,7.00197,1410,3045
1015,1 224 355,11,7.00197,1160,3045
1015,1 229 485,11,7.00197,1430,3045
1015,1 233 268,11,7.00197,1004,3045
1015,1 234 380,11,7.00197,1230,3045
1015,1 236 343,11,7.00197,1160,3045
1015,1 236 493,11,7.00197,1460,3045
1015,1 238 486,11,7.00197,1450,3045
1015,1 242 328,11,7.00197,1142,3045
1015,1 248 333,11,7.00197,1164,3045
1015,1 250 363,11,7.00197,1228,3045
1015,1 251 397,11,7.00197,1298,3045
1015,1 258 404,11,7.00197,1326,3045
1015,1 272 377,11,7.00197,1300,3045
1015,1 272 449,11,7.00197,1444,3045
1015,1 272 482,11,7.00197,1510,3045
1015,1 273 386,11,7.00197,1320,3045
1015,1 277 302,11,7.00197,1160,3045
1015,1 277 304,11,7.00197,1164,3045
1015,1 278 333,11,7.00197,1224,3045
1015,1 278 479,11,7.00197,1516,3045
1015,1 280 358,11,7.00197,1278,3045
1015,1 284 503,11,7.00197,1576,3045
1015,1 286 490,11,7.00197,1554,3045
1015,1 296 472,11,7.00197,1538,3045
1015,1 299 460,11,7.00197,1520,3045
1015,1 301 483,11,7.00197,1570,3045
1015,1 304 393,11,7.00197,1396,3045
1015,1 308 428,11,7.00197,1474,3045
1015,1 316 478,11,7.00197,1590,3045
1015,1 317 461,11,7.00197,1558,3045
1015,1 324 377,11,7.00197,1404,3045
1015,1 325 494,11,7.00197,1640,3045
1015,1 327 411,11,7.00197,1478,3045
1015,1 331 459,11,7.00197,1582,3045
1015,1 349 398,11,7.00197,1496,3045
1015,1 354 493,11,7.00197,1696,3045
1015,1 358 502,11,7.00197,1722,3045
1015,1 369 502,11,7.00197,1744,3045
1015,1 374 404,11,7.00197,1558,3045
1015,1 376 400,11,7.00197,1554,3045
1015,1 152 494,12,6.9073,1294,3045
1015,1 207 257,12,6.9073,930,3045
1015,1 312 376,12,6.9073,1378,3045
1015,1 46 467,12,6.90927,1028,3045
1015,1 213 352,12,6.90927,1132,3045
1015,1 297 331,12,6.90927,1258,3045
1015,1 164 317,12,6.91519,964,3045
1015,1 198 333,12,6.91519,1064,3045
1015,1 229 487,12,6.91519,1434,3045
1015,1 194 372,12,6.91716,1134,3045
1015,1 257 412,12,6.91716,1340,3045
1015,1 312 361,12,6.91716,1348,3045
1015,1 84 180,12,6.9211,530,3045
1015,1 101 376,12,6.9211,956,3045
1015,1 159 494,12,6.9211,1308,3045
1015,1 165 287,12,6.9211,906,3045
1015,1 201 466,12,6.9211,1336,3045
1015,1 70 124,12,6.92505,390,3045
1015,1 218 350,12,6.92505,1138,3045
1015,1 221 245,12,6.92505,934,3045
1015,1 315 433,12,6.92505,1498,3045
1015,1 66 234,12,6.92899,602,3045
1015,1 80 496,12,6.92899,1154,3045
1015,1 181 446,12,6.92899,1256,3045
1015,1 206 287,12,6.92899,988,3045
1015,1 271 378,12,6.92899,1300,3045
1015,1 286 334,12,6.92899,1242,3045
1015,1 309 360,12,6.92899,1340,3045
1015,1 164 476,12,6.93097,1282,3045
1015,1 229 399,12,6.93097,1258,3045
1015,1 322 450,12,6.93097,1546,3045
1015,1 32 300,12,6.93294,666,3045
1015,1 75 324,12,6.93294,800,3045
1015,1 160 354,12,6.93294,1030,3045
1015,1 222 390,12,6.93294,1226,3045
1015,1 138 158,12,6.93491,594,3045
1015,1 179 212,12,6.93491,784,3045
1015,1 228 499,12,6.93491,1456,3045
1015,1 33 310,12,6.93688,688,3045
1015,1 65 103,12,6.93688,338,3045
1015,1 123 440,12,6.93688,1128,3045
1015,1 295 473,12,6.93688,1538,3045
1015,1 80 176,12,6.94083,514,3045
1015,1 147 476,12,6.94083,1248,3045
1015,1 185 421,12,6.94083,1214,3045
1015,1 197 277,12,6.94083,950,3045
1015,1 237 326,12,6.94083,1128,3045
1015,1 310 460,12,6.94083,1542,3045
1015,1 91 165,12,6.9428,514,3045
1015,1 140 164,12,6.9428,610,3045
1015,1 181 378,12,6.9428,1120,3045
1015,1 229 420,12,6.9428,1300,3045
1015,1 286 497,12,6.9428,1568,3045
1015,1 12 304,12,6.94477,634,3045
1015,1 47 466,12,6.94477,1028,3045
1015,1 108 422,12,6.94477,1062,3045
1015,1 159 368,12,6.94477,1056,3045
1015,1 227 404,12,6.94477,1264,3045
1015,1 313 423,12,6.94477,1474,3045
1015,1 48 180,12,6.94675,458,3045
1015,1 105 326,12,6.94675,864,3045
1015,1 147 249,12,6.94675,794,3045
1015,1 148 250,12,6.94675,798,3045
1015,1 205 345,12,6.94675,1102,3045
1015,1 343 481,12,6.94675,1650,3045
1015,1 12 185,12,6.94872,396,3045
1015,1 25 429,12,6.94872,910,3045
1015,1 31 104,12,6.94872,272,3045
1015,1 37 231,12,6.94872,538,3045
1015,1 38 208,12,6.94872,494,3045
1015,1 57 387,12,6.94872,890,3045
1015,1 57 431,12,6.94872,978,3045
1015,1 100 423,12,6.94872,1048,3045
1015,1 122 439,12,6.94872,1124,3045
1015,1 122 441,12,6.94872,1128,3045
1015,1 131 429,12,6.94872,1122,3045
1015,1 187 326,12,6.94872,1028,3045
1015,1 192 308,12,6.94872,1002,3045
1015,1 208 378,12,6.94872,1174,3045
1015,1 244 459,12,6.94872,1408,3045
1015,1 310 459,12,6.94872,1540,3045
1015,1 58 484,12,6.95069,1086,3045
1015,1 63 151,12,6.95069,430,3045
1015,1 121 497,12,6.95069,1238,3045
1015,1 216 348,12,6.95069,1130,3045
1015,1 25 162,12,6.95266,376,3045
1015,1 40 109,12,6.95266,300,3045
1015,1 45 102,12,6.95266,296,3045
1015,1 50 171,12,6.95266,444,3045
1015,1 65 184,12,6.95266,500,3045
1015,1 90 408,12,6.95266,998,3045
1015,1 130 149,12,6.95266,560,3045
1015,1 137 457,12,6.95266,1190,3045
1015,1 163 396,12,6.95266,1120,3045
1015,1 171 273,12,6.95266,890,3045
1015,1 184 497,12,6.95266,1364,3045
1015,1 264 402,12,6.95266,1334,3045
1015,1 307 445,12,6.95266,1506,3045
1015,1 30 468,12,6.95464,998,3045
1015,1 48 465,12,6.95464,1028,3045
1015,1 65 167,12,6.95464,466,3045
1015,1 75 87,12,6.95464,326,3045
1015,1 88 384,12,6.95464,946,3045
1015,1 148 200,12,6.95464,698,3045
1015,1 171 302,12,6.95464,948,3045
1015,1 173 457,12,6.95464,1262,3045
1015,1 184 257,12,6.95464,884,3045
1015,1 312 447,12,6.95464,1520,3045
1015,1 28 102,12,6.95661,262,3045
1015,1 31 264,12,6.95661,592,3045
1015,1 49 270,12,6.95661,640,3045
1015,1 53 244,12,6.95661,596,3045
1015,1 53 447,12,6.95661,1002,3045
1015,1 55 183,12,6.95661,478,3045
1015,1 72 383,12,6.95661,912,3045
1015,1 74 131,12,6.95661,412,3045
1015,1 96 396,12,6.95661,986,3045
1015,1 104 437,12,6.95661,1084,3045
1015,1 155 477,12,6.95661,1266,3045
1015,1 234 302,12,6.95661,1074,3045
1015,1 259 408,12,6.95661,1336,3045
1015,1 334 383,12,6.95661,1436,3045
1015,1 51 134,12,6.95858,372,3045
1015,1 63 334,12,6.95858,796,3045
1015,1 92 157,12,6.95858,500,3045
1015,1 101 342,12,6.95858,888,3045
1015,1 114 356,12,6.95858,942,3045
1015,1 199 276,12,6.95858,952,3045
1015,1 201 278,12,6.95858,960,3045
1015,1 234 483,12,6.95858,1436,3045
1015,1 330 371,12,6.95858,1404,3045
1015,1 14 150,12,6.96055,330,3045
1015,1 25 167,12,6.96055,386,3045
1015,1 30 101,12,6.96055,264,3045
1015,1 60 201,12,6.96055,524,3045
1015,1 60 428,12,6.96055,978,3045
1015,1 74 417,12,6.96055,984,3045
1015,1 75 133,12,6.96055,418,3045
1015,1 83 95,12,6.96055,358,3045
1015,1 90 494,12,6.96055,1170,3045
1015,1 96 447,12,6.96055,1088,3045
1015,1 106 438,12,6.96055,1090,3045
1015,1 125 429,12,6.96055,1110,3045
1015,1 130 349,12,6.96055,960,3045
1015,1 205 429,12,6.96055,1270,3045
1015,1 251 312,12,6.96055,1128,3045
1015,1 257 453,12,6.96055,1422,3045
1015,1 260 399,12,6.96055,1320,3045
1015,1 298 461,12,6.96055,1520,3045
1015,1 300 459,12,6.96055,1520,3045
1015,1 302 443,12,6.96055,1492,3045
1015,1 305 349,12,6.96055,1310,3045
1015,1 316 368,12,6.96055,1370,3045
1015,1 345 376,12,6.96055,1444,3045
1015,1 12 234,12,6.96252,494,3045
1015,1 29 98,12,6.96252,256,3045
1015,1 30 391,12,6.96252,844,3045
1015,1 36 355,12,6.96252,784,3045
1015,1 52 334,12,6.96252,774,3045
1015,1 61 140,12,6.96252,404,3045
1015,1 98 380,12,6.96252,958,3045
1015,1 101 477,12,6.96252,1158,3045
1015,1 141 320,12,6.96252,924,3045
1015,1 183 213,12,6.96252,794,3045
1015,1 201 467,12,6.96252,1338,3045
1015,1 205 379,12,6.96252,1170,3045
1015,1 319 364,12,6.96252,1368,3045
1015,1 33 365,12,6.9645,798,3045
1015,1 37 172,12,6.9645,420,3045
1015,1 41 303,12,6.9645,690,3045
1015,1 45 196,12,6.9645,484,3045
1015,1 67 298,12,6.9645,732,3045
1015,1 99 453,12,6.9645,1106,3045
1015,1 123 235,12,6.9645,718,3045
1015,1 150 171,12,6.9645,644,3045
1015,1 184 195,12,6.9645,760,3045
1015,1 192 471,12,6.9645,1328,3045
1015,1 224 483,12,6.9645,1416,3045
1015,1 12 390,12,6.96647,806,3045
1015,1 13 371,12,6.96647,770,3045
1015,1 24 244,12,6.96647,538,3045
1015,1 53 299,12,6.96647,706,3045
1015,1 56 133,12,6.96647,380,3045
1015,1 59 306,12,6.96647,732,3045
1015,1 62 425,12,6.96647,976,3045
1015,1 74 86,12,6.96647,322,3045
1015,1 75 442,12,6.96647,1036,3045
1015,1 78 497,12,6.96647,1152,3045
1015,1 88 453,12,6.96647,1084,3045
1015,1 96 136,12,6.96647,466,3045
1015,1 104 466,12,6.96647,1142,3045
1015,1 112 307,12,6.96647,840,3045
1015,1 121 279,12,6.96647,802,3045
1015,1 126 162,12,6.96647,578,3045
1015,1 129 268,12,6.96647,796,3045
1015,1 136 224,12,6.96647,722,3045
1015,1 151 501,12,6.96647,1306,3045
1015,1 156 211,12,6.96647,736,3045
1015,1 159 296,12,6.96647,912,3045
1015,1 166 298,12,6.96647,930,3045
1015,1 173 214,12,6.96647,776,3045
1015,1 178 383,12,6.96647,1124,3045
1015,1 197 357,12,6.96647,1110,3045
1015,1 237 364,12,6.96647,1204,3045
1015,1 302 469,12,6.96647,1544,3045
1015,1 306 476,12,6.96647,1566,3045
1015,1 364 395,12,6.96647,1520,3045
1015,1 20 110,12,6.96844,262,3045
1015,1 126 400,12,6.96844,1054,3045
1015,1 158 281,12,6.96844,880,3045
1015,1 212 313,12,6.96844,1052,3045
1015,1 227 319,12,6.96844,1094,3045
1015,1 227 419,12,6.96844,1294,3045
1015,1 313 377,12,6.96844,1382,3045
1015,1 345 375,12,6.96844,1442,3045
1015,1 22 143,12,6.97041,332,3045
1015,1 51 476,12,6.97041,1056,3045
1015,1 68 417,12,6.97041,972,3045
1015,1 98 160,12,6.97041,518,3045
1015,1 124 236,12,6.97041,722,3045
1015,1 156 362,12,6.97041,1038,3045
1015,1 199 329,12,6.97041,1058,3045
1015,1 221 391,12,6.97041,1226,3045
1015,1 225 389,12,6.97041,1230,3045
1015,1 265 465,12,6.97041,1462,3045
1015,1 277 389,12,6.97041,1334,3045
1015,1 323 501,12,6.97041,1650,3045
1015,1 326 443,12,6.97041,1540,3045
1015,1 345 394,12,6.97041,1480,3045
1015,1 379 486,12,6.97041,1732,3045
1015,1 12 139,12,6.97239,304,3045
1015,1 40 289,12,6.97239,660,3045
1015,1 46 314,12,6.97239,722,3045
1015,1 50 343,12,6.97239,788,3045
1015,1 69 122,12,6.97239,384,3045
1015,1 70 179,12,6.97239,500,3045
1015,1 73 423,12,6.97239,994,3045
1015,1 105 291,12,6.97239,794,3045
1015,1 105 436,12,6.97239,1084,3045
1015,1 107 352,12,6.97239,920,3045
1015,1 116 248,12,6.97239,730,3045
1015,1 119 404,12,6.97239,1048,3045
1015,1 139 304,12,6.97239,888,3045
1015,1 139 332,12,6.97239,944,3045
1015,1 142 208,12,6.97239,702,3045
1015,1 144 330,12,6.97239,950,3045
1015,1 144 395,12,6.97239,1080,3045
1015,1 193 456,12,6.97239,1300,3045
1015,1 194 300,12,6.97239,990,3045
1015,1 250 436,12,6.97239,1374,3045
1015,1 289 475,12,6.97239,1530,3045
1015,1 291 330,12,6.97239,1244,3045
1015,1 292 314,12,6.97239,1214,3045
1015,1 297 314,12,6.97239,1224,3045
1015,1 304 364,12,6.97239,1338,3045
1015,1 305 361,12,6.97239,1334,3045
1015,1 331 404,12,6.97239,1472,3045
1015,1 377 397,12,6.97239,1550,3045
1015,1 12 116,12,6.97436,258,3045
1015,1 16 157,12,6.97436,348,3045
1015,1 30 266,12,6.97436,594,3045
1015,1 40 146,12,6.97436,374,3045
1015,1 48 208,12,6.97436,514,3045
1015,1 54 206,12,6.97436,522,3045
1015,1 79 94,12,6.97436,348,3045
1015,1 112 205,12,6.97436,636,3045
1015,1 122 234,12,6.97436,714,3045
1015,1 146 250,12,6.97436,794,3045
1015,1 148 334,12,6.97436,966,3045
1015,1 261 351,12,6.97436,1226,3045
1015,1 261 454,12,6.97436,1432,3045
1015,1 271 424,12,6.97436,1392,3045
1015,1 278 388,12,6.97436,1334,3045
1015,1 327 444,12,6.97436,1544,3045
1015,1 348 423,12,6.97436,1544,3045
1015,1 10 186,12,6.97633,394,3045
1015,1 11 303,12,6.97633,630,3045
1015,1 29 182,12,6.97633,424,3045
1015,1 62 397,12,6.97633,920,3045
1015,1 67 278,12,6.97633,692,3045
1015,1 112 162,12,6.97633,550,3045
1015,1 120 191,12,6.97633,624,3045
1015,1 121 442,12,6.97633,1128,3045
1015,1 126 307,12,6.97633,868,3045
1015,1 151 248,12,6.97633,800,3045
1015,1 157 369,12,6.97633,1054,3045
1015,1 200 328,12,6.97633,1058,3045
1015,1 265 448,12,6.97633,1428,3045
1015,1 277 379,12,6.97633,1314,3045
1015,1 298 391,12,6.97633,1380,3045
1015,1 380 459,12,6.97633,1680,3045
1015,1 11 117,12,6.9783,258,3045
1015,1 24 176,12,6.9783,402,3045
1015,1 24 269,12,6.9783,588,3045
1015,1 27 154,12,6.9783,364,3045
1015,1 28 177,12,6.9783,412,3045
1015,1 40 173,12,6.9783,428,3045
1015,1 46 421,12,6.9783,936,3045
1015,1 63 267,12,6.9783,662,3045
1015,1 76 270,12,6.9783,694,3045
1015,1 82 500,12,6.9783,1166,3045
1015,1 88 475,12,6.9783,1128,3045
1015,1 91 498,12,6.9783,1180,3045
1015,1 126 367,12,6.9783,988,3045
1015,1 130 414,12,6.9783,1090,3045
1015,1 156 224,12,6.9783,762,3045
1015,1 188 483,12,6.9783,1344,3045
1015,1 243 347,12,6.9783,1182,3045
1015,1 261 482,12,6.9783,1488,3045
1015,1 296 331,12,6.9783,1256,3045
1015,1 296 454,12,6.9783,1502,3045
1015,1 330 399,12,6.9783,1460,3045
1015,1 348 398,12,6.9783,1494,3045
1015,1 351 366,12,6.9783,1436,3045
1015,1 369 472,12,6.9783,1684,3045
1015,1 27 222,12,6.98028,500,3045
1015,1 32 151,12,6.98028,368,3045
1015,1 83 402,12,6.98028,972,3045
1015,1 115 411,12,6.98028,1054,3045
1015,1 121 188,12,6.98028,620,3045
1015,1 156 220,12,6.98028,754,3045
1015,1 165 265,12,6.98028,862,3045
1015,1 180 284,12,6.98028,930,3045
1015,1 376 457,12,6.98028,1668,3045
1015,1 36 94,12,6.98225,262,3045
1015,1 38 309,12,6.98225,696,3045
1015,1 54 86,12,6.98225,282,3045
1015,1 54 314,12,6.98225,738,3045
1015,1 59 141,12,6.98225,402,3045
1015,1 60 107,12,6.98225,336,3045
1015,1 69 234,12,6.98225,608,3045
1015,1 72 187,12,6.98225,520,3045
1015,1 77 281,12,6.98225,718,3045
1015,1 81 94,12,6.98225,352,3045
1015,1 91 129,12,6.98225,442,3045
1015,1 129 456,12,6.98225,1172,3045
1015,1 139 401,12,6.98225,1082,3045
1015,1 140 167,12,6.98225,616,3045
1015,1 196 299,12,6.98225,992,3045
1015,1 217 419,12,6.98225,1274,3045
1015,1 295 315,12,6.98225,1222,3045
1015,1 299 334,12,6.98225,1268,3045
1015,1 332 380,12,6.98225,1426,3045
1015,1 24 427,12,6.98422,904,3045
1015,1 27 98,12,6.98422,252,3045
1015,1 33 156,12,6.98422,380,3045
1015,1 50 259,12,6.98422,620,3045
1015,1 51 294,12,6.98422,692,3045
1015,1 57 385,12,6.98422,886,3045
1015,1 73 83,12,6.98422,314,3045
1015,1 97 123,12,6.98422,442,3045
1015,1 106 194,12,6.98422,602,3045
1015,1 124 292,12,6.98422,834,3045
1015,1 126 470,12,6.98422,1194,3045
1015,1 128 427,12,6.98422,1112,3045
1015,1 137 264,12,6.98422,804,3045
1015,1 154 188,12,6.98422,686,3045
1015,1 154 452,12,6.98422,1214,3045
1015,1 163 402,12,6.98422,1132,3045
1015,1 179 322,12,6.98422,1004,3045
1015,1 199 364,12,6.98422,1128,3045
1015,1 221 428,12,6.98422,1300,3045
1015,1 285 352,12,6.98422,1276,3045
1015,1 293 501,12,6.98422,1590,3045
1015,1 296 483,12,6.98422,1560,3045
1015,1 297 400,12,6.98422,1396,3045
1015,1 300 455,12,6.98422,1512,3045
1015,1 304 361,12,6.98422,1332,3045
1015,1 308 499,12,6.98422,1616,3045
1015,1 316 404,12,6.98422,1442,3045
1015,1 14 133,12,6.98619,296,3045
1015,1 20 112,12,6.98619,266,3045
1015,1 40 482,12,6.98619,1046,3045
1015,1 52 84,12,6.98619,274,3045
1015,1 63 231,12,6.98619,590,3045
1015,1 73 85,12,6.98619,318,3045
1015,1 85 286,12,6.98619,744,3045
1015,1 133 234,12,6.98619,736,3045
1015,1 155 476,12,6.98619,1264,3045
1015,1 160 181,12,6.98619,684,3045
1015,1 171 433,12,6.98619,1210,3045
1015,1 180 350,12,6.98619,1062,3045
1015,1 184 502,12,6.98619,1374,3045
1015,1 211 241,12,6.98619,906,3045
1015,1 218 277,12,6.98619,992,3045
1015,1 219 481,12,6.98619,1402,3045
1015,1 238 334,12,6.98619,1146,3045
1015,1 249 279,12,6.98619,1058,3045
1015,1 292 460,12,6.98619,1506,3045
1015,1 300 364,12,6.98619,1330,3045
1015,1 315 375,12,6.98619,1382,3045
1015,1 320 398,12,6.98619,1438,3045
1015,1 28 457,12,6.98817,972,3045
1015,1 34 480,12,6.98817,1030,3045
1015,1 49 285,12,6.98817,670,3045
1015,1 58 74,12,6.98817,266,3045
1015,1 68 424,12,6.98817,986,3045
1015,1 79 297,12,6.98817,754,3045
1015,1 88 497,12,6.98817,1172,3045
1015,1 91 402,12,6.98817,988,3045
1015,1 96 493,12,6.98817,1180,3045
1015,1 102 190,12,6.98817,586,3045
1015,1 162 275,12,6.98817,876,3045
1015,1 165 209,12,6.98817,750,3045
1015,1 168 375,12,6.98817,1088,3045
1015,1 173 294,12,6.98817,936,3045
1015,1 180 307,12,6.98817,976,3045
1015,1 181 410,12,6.98817,1184,3045
1015,1 196 494,12,6.98817,1382,3045
1015,1 243 393,12,6.98817,1274,3045
1015,1 243 395,12,6.98817,1278,3045
1015,1 249 472,12,6.98817,1444,3045
1015,1 286 480,12,6.98817,1534,3045
1015,1 320 472,12,6.98817,1586,3045
1015,1 328 481,12,6.98817,1620,3045
1015,1 352 403,12,6.98817,1512,3045
1015,1 376 399,12,6.98817,1552,3045
1015,1 380 408,12,6.98817,1578,3045
1015,1 12 225,12,6.99014,476,3045
1015,1 13 310,12,6.99014,648,3045
1015,1 17 184,12,6.99014,404,3045
1015,1 22 167,12,6.99014,380,3045
1015,1 22 289,12,6.99014,624,3045
1015,1 22 434,12,6.99014,914,3045
1015,1 23 125,12,6.99014,298,3045
1015,1 29 126,12,6.99014,312,3045
1015,1 29 194,12,6.99014,448,3045
1015,1 33 112,12,6.99014,292,3045
1015,1 33 323,12,6.99014,714,3045
1015,1 37 286,12,6.99014,648,3045
1015,1 43 227,12,6.99014,542,3045
1015,1 53 345,12,6.99014,798,3045
1015,1 59 247,12,6.99014,614,3045
1015,1 70 171,12,6.99014,484,3045
1015,1 72 85,12,6.99014,316,3045
1015,1 73 86,12,6.99014,320,3045
1015,1 78 180,12,6.99014,518,3045
1015,1 97 256,12,6.99014,708,3045
1015,1 102 192,12,6.99014,590,3045
1015,1 102 293,12,6.99014,792,3045
1015,1 106 150,12,6.99014,514,3045
1015,1 112 323,12,6.99014,872,3045
1015,1 112 434,12,6.99014,1094,3045
1015,1 118 396,12,6.99014,1030,3045
1015,1 123 144,12,6.99014,536,3045
1015,1 123 434,12,6.99014,1116,3045
1015,1 126 197,12,6.99014,648,3045
1015,1 138 171,12,6.99014,620,3045
1015,1 144 167,12,6.99014,624,3045
1015,1 144 468,12,6.99014,1226,3045
1015,1 146 268,12,6.99014,830,3045
1015,1 146 323,12,6.99014,940,3045
1015,1 146 457,12,6.99014,1208,3045
1015,1 146 468,12,6.99014,1230,3045
1015,1 167 312,12,6.99014,960,3045
1015,1 172 294,12,6.99014,934,3045
1015,1 178 402,12,6.99014,1162,3045
1015,1 181 408,12,6.99014,1180,3045
1015,1 184 315,12,6.99014,1000,3045
1015,1 185 210,12,6.99014,792,3045
1015,1 185 383,12,6.99014,1138,3045
1015,1 226 408,12,6.99014,1270,3045
1015,1 228 418,12,6.99014,1294,3045
1015,1 235 423,12,6.99014,1318,3045
1015,1 237 427,12,6.99014,1330,3045
1015,1 257 289,12,6.99014,1094,3045
1015,1 263 292,12,6.99014,1112,3045
1015,1 264 313,12,6.99014,1156,3045
1015,1 267 343,12,6.99014,1222,3045
1015,1 289 457,12,6.99014,1494,3045
1015,1 294 305,12,6.99014,1200,3045
1015,1 294 498,12,6.99014,1586,3045
1015,1 305 316,12,6.99014,1244,3045
1015,1 319 361,12,6.99014,1362,3045
1015,1 351 500,12,6.99014,1704,3045
1015,1 353 480,12,6.99014,1668,3045
1015,1 360 454,12,6.99014,1630,3045
1015,1 13 446,12,6.99211,920,3045
1015,1 26 144,12,6.99211,342,3045
1015,1 30 129,12,6.99211,320,3045
1015,1 32 118,12,6.99211,302,3045
1015,1 39 474,12,6.99211,1028,3045
1015,1 43 361,12,6.99211,810,3045
1015,1 46 102,12,6.99211,298,3045
1015,1 51 284,12,6.99211,672,3045
1015,1 54 361,12,6.99211,832,3045
1015,1 66 157,12,6.99211,448,3045
1015,1 78 278,12,6.99211,714,3045
1015,1 79 490,12,6.99211,1140,3045
1015,1 91 343,12,6.99211,870,3045
1015,1 94 439,12,6.99211,1068,3045
1015,1 104 128,12,6.99211,466,3045
1015,1 106 396,12,6.99211,1006,3045
1015,1 119 146,12,6.99211,532,3045
1015,1 122 270,12,6.99211,786,3045
1015,1 139 166,12,6.99211,612,3045
1015,1 160 352,12,6.99211,1026,3045
1015,1 165 299,12,6.99211,930,3045
1015,1 171 434,12,6.99211,1212,3045
1015,1 181 425,12,6.99211,1214,3045
1015,1 184 329,12,6.99211,1028,3045
1015,1 185 297,12,6.99211,966,3045
1015,1 194 222,12,6.99211,834,3045
1015,1 194 326,12,6.99211,1042,3045
1015,1 199 324,12,6.99211,1048,3045
1015,1 208 335,12,6.99211,1088,3045
1015,1 214 311,12,6.99211,1052,3045
1015,1 233 244,12,6.99211,956,3045
1015,1 240 450,12,6.99211,1382,3045
1015,1 250 286,12,6.99211,1074,3045
1015,1 264 436,12,6.99211,1402,3045
1015,1 267 331,12,6.99211,1198,3045
1015,1 289 409,12,6.99211,1398,3045
1015,1 291 316,12,6.99211,1216,3045
1015,1 301 315,12,6.99211,1234,3045
1015,1 314 359,12,6.99211,1348,3045
1015,1 315 424,12,6.99211,1480,3045
1015,1 318 452,12,6.99211,1542,3045
1015,1 354 411,12,6.99211,1532,3045
1015,1 11 186,12,6.99408,396,3045
1015,1 17 461,12,6.99408,958,3045
1015,1 22 123,12,6.99408,292,3045
1015,1 22 144,12,6.99408,334,3045
1015,1 23 178,12,6.99408,404,3045
1015,1 25 115,12,6.99408,282,3045
1015,1 31 324,12,6.99408,712,3045
1015,1 33 289,12,6.99408,646,3045
1015,1 71 191,12,6.99408,526,3045
1015,1 74 268,12,6.99408,686,3045
1015,1 79 125,12,6.99408,410,3045
1015,1 84 354,12,6.99408,878,3045
1015,1 91 314,12,6.99408,812,3045
1015,1 92 315,12,6.99408,816,3045
1015,1 96 353,12,6.99408,900,3045
1015,1 97 110,12,6.99408,416,3045
1015,1 112 291,12,6.99408,808,3045
1015,1 112 359,12,6.99408,944,3045
1015,1 112 402,12,6.99408,1030,3045
1015,1 112 436,12,6.99408,1098,3045
1015,1 121 351,12,6.99408,946,3045
1015,1 124 454,12,6.99408,1158,3045
1015,1 125 483,12,6.99408,1218,3045
1015,1 131 186,12,6.99408,636,3045
1015,1 137 314,12,6.99408,904,3045
1015,1 139 242,12,6.99408,764,3045
1015,1 139 469,12,6.99408,1218,3045
1015,1 140 249,12,6.99408,780,3045
1015,1 140 342,12,6.99408,966,3045
1015,1 144 323,12,6.99408,936,3045
1015,1 146 413,12,6.99408,1120,3045
1015,1 147 375,12,6.99408,1046,3045
1015,1 151 221,12,6.99408,746,3045
1015,1 152 418,12,6.99408,1142,3045
1015,1 163 432,12,6.99408,1192,3045
1015,1 167 291,12,6.99408,918,3045
1015,1 174 236,12,6.99408,822,3045
1015,1 178 323,12,6.99408,1004,3045
1015,1 178 468,12,6.99408,1294,3045
1015,1 185 471,12,6.99408,1314,3045
1015,1 189 324,12,6.99408,1028,3045
1015,1 191 354,12,6.99408,1092,3045
1015,1 207 251,12,6.99408,918,3045
1015,1 220 424,12,6.99408,1290,3045
1015,1 250 293,12,6.99408,1088,3045
1015,1 257 291,12,6.99408,1098,3045
1015,1 268 289,12,6.99408,1116,3045
1015,1 268 436,12,6.99408,1410,3045
1015,1 291 413,12,6.99408,1410,3045
1015,1 311 322,12,6.99408,1268,3045
1015,1 312 457,12,6.99408,1540,3045
1015,1 319 486,12,6.99408,1612,3045
1015,1 350 481,12,6.99408,1664,3045
1015,1 369 386,12,6.99408,1512,3045
1015,1 16 211,12,6.99606,456,3045
1015,1 26 425,12,6.99606,904,3045
1015,1 29 213,12,6.99606,486,3045
1015,1 31 243,12,6.99606,550,3045
1015,1 39 335,12,6.99606,750,3045
1015,1 48 493,12,6.99606,1084,3045
1015,1 49 135,12,6.99606,370,3045
1015,1 49 464,12,6.99606,1028,3045
1015,1 56 249,12,6.99606,612,3045
1015,1 58 194,12,6.99606,506,3045
1015,1 61 334,12,6.99606,792,3045
1015,1 64 234,12,6.99606,598,3045
1015,1 66 241,12,6.99606,616,3045
1015,1 84 265,12,6.99606,700,3045
1015,1 101 267,12,6.99606,738,3045
1015,1 104 446,12,6.99606,1102,3045
1015,1 111 416,12,6.99606,1056,3045
1015,1 116 148,12,6.99606,530,3045
1015,1 128 201,12,6.99606,660,3045
1015,1 129 142,12,6.99606,544,3045
1015,1 131 368,12,6.99606,1000,3045
1015,1 172 299,12,6.99606,944,3045
1015,1 193 478,12,6.99606,1344,3045
1015,1 219 244,12,6.99606,928,3045
1015,1 220 297,12,6.99606,1036,3045
1015,1 247 427,12,6.99606,1350,3045
1015,1 263 364,12,6.99606,1256,3045
1015,1 279 404,12,6.99606,1368,3045
1015,1 300 352,12,6.99606,1306,3045
1015,1 304 444,12,6.99606,1498,3045
1015,1 348 467,12,6.99606,1632,3045
1015,1 361 377,12,6.99606,1478,3045
1015,1 11 184,12,6.99803,392,3045
1015,1 16 104,12,6.99803,242,3045
1015,1 20 452,12,6.99803,946,3045
1015,1 33 468,12,6.99803,1004,3045
1015,1 61 157,12,6.99803,438,3045
1015,1 75 275,12,6.99803,702,3045
1015,1 106 256,12,6.99803,726,3045
1015,1 109 369,12,6.99803,958,3045
1015,1 112 275,12,6.99803,776,3045
1015,1 112 321,12,6.99803,868,3045
1015,1 123 291,12,6.99803,830,3045
1015,1 128 485,12,6.99803,1228,3045
1015,1 129 304,12,6.99803,868,3045
1015,1 149 171,12,6.99803,642,3045
1015,1 156 244,12,6.99803,802,3045
1015,1 166 205,12,6.99803,744,3045
1015,1 167 268,12,6.99803,872,3045
1015,1 167 413,12,6.99803,1162,3045
1015,1 167 436,12,6.99803,1208,3045
1015,1 168 409,12,6.99803,1156,3045
1015,1 178 291,12,6.99803,940,3045
1015,1 214 225,12,6.99803,880,3045
1015,1 226 404,12,6.99803,1262,3045
1015,1 232 425,12,6.99803,1316,3045
1015,1 265 335,12,6.99803,1202,3045
1015,1 278 297,12,6.99803,1152,3045
1015,1 299 454,12,6.99803,1508,3045
1015,1 304 316,12,6.99803,1242,3045
1015,1 351 404,12,6.99803,1512,3045
1015,1 352 416,12,6.99803,1538,3045
1015,1 19 124,12,7,288,3045
1015,1 29 354,12,7,768,3045
1015,1 37 267,12,7,610,3045
1015,1 49 112,12,7,324,3045
1015,1 51 332,12,7,768,3045
1015,1 54 251,12,7,612,3045
1015,1 70 126,12,7,394,3045
1015,1 84 132,12,7,434,3045
1015,1 90 287,12,7,756,3045
1015,1 93 199,12,7,586,3045
1015,1 94 249,12,7,688,3045
1015,1 97 497,12,7,1190,3045
1015,1 102 115,12,7,436,3045
1015,1 105 137,12,7,486,3045
1015,1 107 382,12,7,980,3045
1015,1 132 184,12,7,634,3045
1015,1 134 415,12,7,1100,3045
1015,1 135 245,12,7,762,3045
1015,1 139 221,12,7,722,3045
1015,1 139 266,12,7,812,3045
1015,1 140 163,12,7,608,3045
1015,1 152 447,12,7,1200,3045
1015,1 156 498,12,7,1310,3045
1015,1 164 207,12,7,744,3045
1015,1 171 242,12,7,828,3045
1015,1 171 483,12,7,1310,3045
1015,1 184 448,12,7,1266,3045
1015,1 190 392,12,7,1166,3045
1015,1 192 501,12,7,1388,3045
1015,1 200 360,12,7,1122,3045
1015,1 205 224,12,7,860,3045
1015,1 220 426,12,7,1294,3045
1015,1 223 432,12,7,1312,3045
1015,1 223 462,12,7,1372,3045
1015,1 229 302,12,7,1064,3045
1015,1 230 408,12,7,1278,3045
1015,1 239 364,12,7,1208,3045
1015,1 261 324,12,7,1172,3045
1015,1 266 345,12,7,1224,3045
1015,1 274 395,12,7,1340,3045
1015,1 280 328,12,7,1218,3045
1015,1 293 476,12,7,1540,3045
1015,1 294 314,12,7,1218,3045
1015,1 314 374,12,7,1378,3045
1015,1 322 476,12,7,1598,3045
1015,1 335 490,12,7,1652,3045
1015,1 344 371,12,7,1432,3045
1015,1 356 450,12,7,1614,3045
1015,1 11 106,12,7.00197,236,3045
1015,1 12 419,12,7.00197,864,3045
1015,1 14 148,12,7.00197,326,3045
1015,1 19 464,12,7.00197,968,3045
1015,1 22 413,12,7.00197,872,3045
1015,1 24 467,12,7.00197,984,3045
1015,1 29 374,12,7.00197,808,3045
1015,1 33 291,12,7.00197,650,3045
1015,1 37 213,12,7.00197,502,3045
1015,1 48 343,12,7.00197,784,3045
1015,1 52 440,12,7.00197,986,3045
1015,1 53 502,12,7.00197,1112,3045
1015,1 60 97,12,7.00197,316,3045
1015,1 61 472,12,7.00197,1068,3045
1015,1 77 426,12,7.00197,1008,3045
1015,1 91 295,12,7.00197,774,3045
1015,1 92 143,12,7.00197,472,3045
1015,1 112 144,12,7.00197,514,3045
1015,1 112 289,12,7.00197,804,3045
1015,1 120 277,12,7.00197,796,3045
1015,1 123 268,12,7.00197,784,3045
1015,1 144 257,12,7.00197,804,3045
1015,1 167 265,12,7.00197,866,3045
1015,1 178 289,12,7.00197,936,3045
1015,1 178 436,12,7.00197,1230,3045
1015,1 179 190,12,7.00197,740,3045
1015,1 186 342,12,7.00197,1058,3045
1015,1 190 468,12,7.00197,1318,3045
1015,1 191 362,12,7.00197,1108,3045
1015,1 192 296,12,7.00197,978,3045
1015,1 194 279,12,7.00197,948,3045
1015,1 211 334,12,7.00197,1092,3045
1015,1 215 419,12,7.00197,1270,3045
1015,1 217 274,12,7.00197,984,3045
1015,1 219 348,12,7.00197,1136,3045
1015,1 234 361,12,7.00197,1192,3045
1015,1 241 377,12,7.00197,1238,3045
1015,1 243 402,12,7.00197,1292,3045
1015,1 268 312,12,7.00197,1162,3045
1015,1 277 471,12,7.00197,1498,3045
1015,1 281 327,12,7.00197,1218,3045
1015,1 281 485,12,7.00197,1534,3045
1015,1 293 325,12,7.00197,1238,3045
1015,1 316 431,12,7.00197,1496,3045
1015,1 323 434,12,7.00197,1516,3045
1015,1 343 483,12,7.00197,1654,3045
1015,1 355 502,12,7.00197,1716,3045
1015,1 369 471,12,7.00197,1682,3045
